8.879638 50.103477
8.915965 50.140614
-21.617214 -5.837163
-16.359119 48.078442
-13.313812 47.570412
8.855877 50.066307
20.850674 40.564419
11.600368 -22.468090
28.506033 46.880871
-19.928740 -4.512107
26.477139 49.093853
28.090370 -47.115559
61.742157 -35.508160
-59.445770 19.841127
11.067146 57.112686
7.428080 56.367302
62.525120 -31.472961
65.397552 -34.775433
64.419083 -37.480984
-7.986814 -10.862250
5.766485 34.120007
20.024998 44.551640
36.888317 38.232853
65.086227 -32.905334
-20.125324 -51.016209
9.804238 55.420601
-38.496685 21.755922
-7.988466 -9.413874
-19.701323 -2.691308
6.362103 51.134468
12.520254 38.386654
11.168191 51.232941
62.950134 21.636290
-3.520636 -13.048341
-35.583324 20.285948
-10.429896 -12.465837
-18.046837 51.892452
29.388784 0.253303
-61.979420 12.022832
-11.243017 -54.522957
0.438681 1.723708
-16.658291 -17.594540
29.514503 -47.213402
-66.446411 2.754640
-25.336208 -56.761242
-11.844827 -18.850430
-25.695457 45.589336
19.630293 47.454552
-43.357861 12.882662
-8.501942 37.349827
58.492683 26.213802
-14.926574 -48.207878
-0.219161 -0.373822
41.693249 37.315208
-24.620277 -54.554356
-14.062958 -15.523148
-16.023405 -16.612280
-46.199329 0.257752
-20.279848 -3.473630
-26.410751 43.585854
-9.150139 -18.885866
-26.982002 44.869907
-76.089401 -1.657896
-56.450642 -33.037079
-1.940030 -50.373726
1.140557 -57.714104
-21.220509 -4.362237
-31.721739 40.132183
28.944431 29.891445
-44.241970 13.593501
-60.597385 -32.644207
-22.889601 -4.534262
-63.521339 2.471776
-23.830584 47.007454
-66.271980 -44.699539
16.954639 27.204639
-43.852619 13.838997
-7.711205 51.566666
-65.742989 -36.004047
-22.644197 -38.294491
-21.778095 -4.223315
-5.871361 -22.986137
-8.781349 -15.701917
-58.667210 9.071051
-15.031283 -47.914097
-27.283810 43.210869
27.783180 32.113422
32.737984 40.086437
-73.708519 -0.405655
9.794980 28.736063
-22.263346 46.456345
10.156485 18.825499
-17.247149 -16.638639
62.093391 -37.576393
54.456650 -21.446522
46.259697 -22.935026
-43.248356 -5.646640
0.478493 1.257891
-86.341087 -2.036363
20.359398 16.467312
4.610347 -51.035255
-19.919899 -1.716625
-8.940822 -2.540287
27.385277 32.936466
-23.517921 -4.586372
1.856815 -1.313951
-16.781805 -13.776375
-7.473920 52.872700
65.044785 -26.775482
-17.993811 50.874760
-26.553940 -15.131504
18.984058 -44.931259
18.291615 -46.916645
-19.593393 -39.834362
-20.006594 -54.763893
-19.552479 -16.727074
-66.794243 3.283395
-14.680811 -11.398438
-11.572168 -20.940268
-22.499954 -41.125763
0.028594 1.380525
-84.953293 -1.884503
-31.568459 -57.991322
-16.499599 -41.238243
19.714863 -44.281052
5.672421 0.279265
-20.660688 -4.676570
30.258701 30.200325
-24.840078 -56.466431
-86.182373 -1.791228
-55.280586 -37.512043
1.167112 -0.129140
-44.818932 0.725051
18.615511 -44.992870
30.832300 35.661472
-47.384823 19.728886
23.188463 0.389823
-13.791515 -15.403637
30.510099 -42.014450
-2.874670 -16.718901
-46.767067 17.087820
19.614492 -42.237976
18.518444 -44.180717
25.424652 -43.286617
64.101982 -28.041029
43.638840 42.702019
37.440189 -20.191170
-49.629063 12.980962
35.619106 -22.720800
-1.744872 -53.094540
-0.606735 -58.963509
0.856761 -55.570255
16.769241 36.054947
1.981468 -17.286629
64.592476 -34.563255
24.290348 48.583778
22.083838 -44.887737
63.574078 -36.503368
45.990086 21.027563
48.703976 -28.780636
25.418211 -33.506390
30.287626 7.095767
17.512682 52.626797
17.566748 52.482914
15.147723 50.660381
28.069016 19.269314
-45.562935 18.765415
17.356836 51.830261
21.570608 -45.254158
58.486290 -34.086910
-86.854568 3.180760
-53.343124 -43.463669
-8.416978 -23.070982
-13.308486 -12.531076
-13.598749 -15.007401
-46.774792 8.084271
36.071842 37.167767
-23.044096 -41.086056
27.460228 46.308464
-67.010902 20.328354
-12.188498 -18.392546
20.343086 -44.294350
55.536102 -31.605349
-8.174605 -8.429552
24.804615 45.839474
-11.212491 -6.817370
-42.020134 18.352861
-12.733671 -1.033725
63.780239 -33.810081
-19.652424 -4.543450
-15.321763 -12.486836
-10.761050 -9.089120
-25.659269 -56.626144
36.210857 -25.714563
59.399563 -37.263161
-16.097843 46.997478
36.641632 38.708126
-52.475861 17.448030
64.676010 -36.506786
-54.909351 -45.832111
-14.723532 -15.995416
-17.687855 -15.854187
-31.845482 -2.141815
-20.281464 -1.531852
13.049058 -27.699692
2.616113 53.265907
-22.783833 -4.519332
-29.680649 41.938305
-20.678743 -17.012632
-17.965012 -2.804565
-9.160172 52.025734
32.457245 34.091183
35.148861 26.194441
39.150185 -20.061655
-60.478237 8.424684
-22.933796 -36.040977
19.856258 -35.873833
19.278404 -46.137932
-76.566933 4.013408
-27.617817 -49.371029
-42.375919 11.262974
-7.167075 -14.551944
60.417019 -30.597017
37.024033 -23.552107
28.014380 45.699039
5.754752 18.960081
-5.109758 -22.720791
-57.252514 -47.622482
19.001646 -45.538010
27.196741 -16.510820
64.113167 -35.404408
-14.555571 -11.005127
-67.090637 3.659908
-24.130856 -47.090679
-22.460667 43.601639
28.156748 43.787205
-13.071016 -7.888404
-56.532768 -33.818493
-26.484787 -17.735857
-58.318413 -38.266136
-23.006611 -38.518696
-11.642892 -56.355827
59.984432 -32.412678
-8.454729 -1.786594
-65.363617 3.465169
-23.024284 -43.724346
-25.277277 33.436359
-44.010723 -2.206875
-22.593443 37.353508
0.410046 2.953905
-20.493114 -2.414608
2.284192 -1.237602
-17.301695 -16.329248
-63.677425 20.190353
-22.997614 -38.837139
-23.825830 -38.928314
-1.181201 5.163211
-61.012398 6.842528
-18.746231 13.545412
-31.753983 40.154415
-21.671207 36.361038
-62.857910 3.440448
-1.560415 -49.061127
0.586396 -50.033127
-49.384758 7.224190
-68.451035 1.297744
-4.420092 5.603220
-24.166889 -53.479206
-20.776392 -1.106290
-27.838053 45.260960
-11.467563 -6.257072
-13.756973 45.804501
26.901627 25.117874
-15.324133 -13.108460
-56.428921 -43.856636
-18.641045 -46.272518
-25.956539 -50.200768
28.103924 43.852962
-3.159648 18.329035
-54.610325 -47.926048
3.493779 -27.212214
-5.443206 -60.292522
-64.494125 -44.543499
20.302000 -44.942642
-54.164890 -43.386070
4.953735 15.292124
-63.843296 -38.812023
-23.135286 50.008377
-26.161251 36.129250
4.902640 -48.708534
-0.518779 -54.828636
-17.061382 -2.284286
28.931009 -14.576519
-31.200333 -3.663616
31.468590 45.006226
-29.640104 41.973072
31.582544 26.973440
38.582447 39.740845
-23.024975 39.717003
0.459670 2.904470
-72.821426 12.631417
32.989925 30.904995
-20.564777 -1.466458
-57.923744 0.707015
-31.637049 9.627123
-25.083519 40.187267
-57.961987 -37.149960
5.656476 -49.420246
-19.476654 -2.886573
-10.970204 5.111816
-60.473248 -2.465059
-15.082883 -50.868050
-25.347364 -49.436096
-56.790100 -4.716265
32.034813 42.186878
-54.039101 5.365089
-19.943659 -35.307217
-28.451979 -49.819092
6.250415 14.882204
-13.555931 -13.857218
-0.865310 -15.900105
-12.914439 -16.603361
-64.801239 13.280524
-23.373020 38.902687
37.065331 34.655880
-16.364927 -16.097780
-45.193825 -2.373184
-78.003471 4.838174
-23.657328 -37.485310
-60.405815 -43.333958
-24.107399 -47.004547
-6.675467 -3.998449
6.363214 -22.540653
-17.046724 -2.792469
-9.059803 -3.976485
-1.543796 -35.837315
-12.261616 -14.306403
-53.846039 15.631562
-1.974658 -48.143147
-78.450287 3.222128
-68.481209 -39.883999
-1.584877 -35.912697
-12.963928 28.849070
24.892099 -4.985963
16.829330 -40.875107
-79.807831 -0.710321
-5.148749 -60.104000
-10.851341 0.572420
-61.379601 -2.083110
-20.264645 -49.887417
-15.264955 -16.388397
-52.855198 -3.666733
-65.172653 -34.533722
-20.004766 37.881741
3.881416 14.972578
-85.282913 3.933158
-36.545784 19.340248
-27.286184 -51.766571
-81.324745 -3.150559
-63.178070 -36.725353
-10.652988 -14.150054
-62.837410 -41.028103
-46.944149 -3.039921
-15.267473 -14.559280
55.027420 -28.070063
27.724810 14.452327
2.512443 -1.285167
-26.282255 43.873154
-23.941053 -36.149570
-1.174418 5.265421
-20.315435 42.123486
35.788944 34.710636
-11.999931 -12.912444
-61.242592 -33.571442
-57.734409 2.132010
-14.482973 -15.654110
16.710775 -45.284805
22.314110 -40.989128
-42.648403 -1.434766
-22.458416 42.195049
-15.833786 -16.100710
1.863943 16.476051
-41.484074 -0.991810
-28.226818 -50.789455
-17.507206 -2.878153
-11.223918 -5.082684
-53.208210 -4.114180
-5.732222 0.296941
-14.783050 34.782234
21.160465 10.870935
-35.131420 20.472654
-9.407856 -31.200634
-54.794220 0.105501
-11.558958 -47.190975
-8.265986 -39.824665
-15.403860 -13.207438
-43.237686 16.393869
-12.656738 31.846317
-78.543793 6.829620
19.971724 22.051893
-64.071907 -2.778659
-29.269571 -53.121162
-59.739296 9.855582
-23.154097 -50.822884
-25.895151 30.379719
-63.885796 3.381956
-82.790649 -0.378000
-30.161051 -55.170944
41.474148 31.326710
-13.904934 -61.825058
26.030973 2.330956
-18.116541 -15.041346
-52.381958 -36.386181
-21.473278 41.017429
-11.432077 -21.140839
0.370849 -14.387392
1.643134 -1.289763
-81.310707 -3.119238
-52.294430 -38.034161
20.954035 -28.437021
21.172483 -40.410324
60.036823 -25.015930
25.764269 27.891516
52.882854 29.250177
43.834064 42.108768
-61.837814 -34.697102
-12.062431 -60.299458
-24.700588 -54.291290
16.383757 -37.440437
-21.647669 42.439701
-17.809090 -48.863705
-76.173515 3.153728
-10.092232 -13.722032
-23.639576 -37.452827
-4.196418 -23.715843
-21.953907 41.569557
7.890949 54.565899
63.554829 -25.540993
-12.152051 2.922564
37.869656 27.713909
30.294516 -14.461576
-15.857225 -14.715528
-44.518867 16.160751
-10.320476 -8.642753
60.431393 -36.116753
-38.802578 10.774330
25.727673 34.727749
18.444584 -37.436489
35.203281 -18.050541
-41.004875 14.933775
-13.773870 35.289558
-49.293007 12.760218
34.901054 -21.647444
-14.814557 -9.208413
-24.011251 -56.516617
-58.059895 16.679886
-57.753872 -36.964375
-55.380260 -37.807545
-42.364532 17.665529
16.560141 12.726302
-11.571281 -11.240960
-11.872253 -11.506474
-6.947344 -4.846540
8.935491 55.501038
-24.877985 38.817471
-24.550304 42.930584
-55.678642 -37.623226
3.896379 -18.937057
-55.486546 -46.839642
29.817839 46.966518
-85.866890 -1.635857
-55.120621 -34.763386
-23.016430 -44.159233
18.090933 2.314442
19.655121 -8.026328
-86.983528 3.093164
-58.594727 -33.745422
-44.489872 15.050373
20.404087 -44.803238
32.880981 -17.905281
-18.766766 -2.400978
24.208803 3.850992
33.187443 -16.847342
-72.758690 13.010033
-11.676902 -53.303249
-9.712135 -54.878498
-1.791502 -51.653755
0.729794 -48.174049
33.518528 7.516654
-44.320492 10.899423
47.145699 -31.181309
-60.100681 -33.963379
-18.149137 -53.465950
-59.391876 19.993210
-60.180843 19.389227
40.431126 16.069309
62.575832 5.788423
23.028984 2.362200
56.397507 0.926393
-7.789358 55.953712
26.627340 4.912325
32.807232 -17.976521
31.136335 25.865883
-9.548119 31.110807
-57.803947 -7.638678
-47.106663 -2.330219
28.502754 4.008666
-16.385616 48.289757
24.784302 0.724634
21.225569 -43.092976
27.068899 49.636711
53.410519 14.326053
-43.302544 17.937508
12.352139 -27.447912
-79.440628 2.441899
-62.852661 -38.244980
3.349489 10.390953
-8.619325 37.177143
-18.899183 -46.376606
44.061626 14.025370
-37.382530 20.966366
11.965367 -9.902369
34.576691 -15.160442
36.237232 12.731619
19.901930 -41.304802
37.406559 -20.532593
-60.448669 -37.188854
70.078903 5.805509
-9.153067 -15.569477
-75.949585 1.488441
2.575950 -60.364948
54.824669 22.854223
-56.950245 -47.116627
1.968799 -50.753601
-57.061188 -44.892044
-7.127844 -36.670624
12.503328 9.725740
3.653720 -18.661900
40.319111 32.905285
-44.220757 19.192558
16.824732 -34.570148
10.240358 -27.483313
21.696802 -1.971369
17.928186 -0.863892
30.719757 -4.942873
-16.390388 -0.529637
-86.188904 -1.846679
11.966747 -12.054689
22.464115 -1.550413
55.899509 13.536883
-10.112304 -15.280002
29.319902 45.497978
0.735670 -6.753164
2.719191 -47.398975
2.380841 -53.396702
28.222519 45.622307
-9.614523 -30.844578
22.472233 12.624970
48.397411 14.381541
23.348684 20.269436
-59.237610 2.596582
-2.505587 -11.737633
-10.110327 -14.141253
26.799946 33.669075
0.589664 -49.761627
-57.117306 -47.575348
-14.812940 -18.646795
34.498413 29.766146
-0.522587 -6.604627
54.789780 -32.536983
23.744879 14.648732
-57.644157 6.338147
52.046299 26.995829
-10.328747 40.967636
0.095691 0.158514
6.572899 18.622608
55.516815 -30.725624
63.300941 21.691700
25.513559 -7.102486
-3.361188 19.798325
-4.106007 15.993877
-63.518333 -4.892877
-28.124382 -47.493786
-5.333856 -14.136511
-8.675312 -3.264492
37.900791 -20.383518
-51.046516 -0.377757
-65.747849 14.862526
-14.508836 -17.352724
19.218792 2.813856
-18.330017 31.783134
61.716965 2.780264
-20.260328 -40.122829
-23.160652 -55.940105
2.624587 14.527081
-2.938263 14.629338
13.712172 -11.603274
37.335072 -23.207016
-36.238850 19.540854
6.907812 19.173117
-15.278380 -0.414201
32.337715 30.225664
-60.400871 2.687093
1.229056 -47.757366
39.521927 -27.031776
12.819090 -27.504951
-39.320240 13.929480
-11.976329 -48.921993
0.338631 -6.329749
19.837873 -1.996389
41.879997 41.013599
24.503855 17.955727
-85.098747 5.148274
-15.918777 -16.481947
-48.394669 18.368675
-7.965780 -21.175467
-57.535652 -32.051708
-68.818626 -39.845051
-1.401875 4.455892
-17.865015 37.322887
43.131416 40.057606
-65.412399 -33.377808
0.536441 -51.290760
-7.220673 -11.539462
30.099285 -36.326698
9.287746 1.910653
-11.779352 -19.077114
-62.899189 1.461294
26.527025 -42.773926
1.526334 -10.205283
-7.788622 -14.517541
-82.547310 0.548795
-40.294323 2.158607
-64.219238 -38.035469
20.784912 5.061631
29.490934 12.208126
41.915470 30.991718
13.086651 13.849141
-13.138745 -4.551068
11.624425 11.841515
-59.253777 9.527732
11.747942 11.596550
-22.031023 -5.295784
26.511913 -8.717030
-31.454422 18.461195
26.776293 47.544495
20.430033 42.768021
-57.778862 14.917941
-12.374366 -15.166883
-11.065992 -21.481049
-11.301908 -50.929131
7.350750 18.831558
-82.132980 0.635490
-19.742275 -40.027500
-54.102356 22.597553
-26.419901 -14.690583
-61.380829 -40.827560
33.087101 34.234516
-8.108905 -12.880110
-5.175328 -13.888429
-5.518261 -22.996477
-11.704139 -15.853983
28.094452 -0.375969
-21.630539 33.909378
-15.379016 -51.318035
-16.051273 -58.640011
-20.001631 35.145191
-63.707188 3.990387
-15.090578 -12.197435
-0.090906 -52.628990
-14.032996 -17.450445
-23.513269 -38.481525
-23.867247 -52.562553
-5.046348 5.306613
61.631142 -19.892559
-62.552532 19.005726
-26.636560 44.470043
50.235733 23.441351
22.531048 6.340227
-85.022209 3.882950
-48.560169 18.311018
-7.882020 -1.637560
-86.388268 3.526214
-65.675659 12.275338
-5.131287 5.296342
48.188820 25.248508
-5.143414 -42.571350
-85.146996 3.418792
41.030106 -28.197887
2.851164 16.718578
6.261656 19.622587
27.452587 27.241920
-59.200142 -4.279654
-14.423111 19.077017
-54.086514 -2.397887
12.684527 11.957021
27.228218 29.393448
-85.950867 -1.382260
-11.270291 -46.292923
-8.518044 47.625145
-2.710698 -49.854080
-59.274029 12.012902
7.147014 -21.150784
-9.647688 -6.186893
6.505988 -52.622246
-0.981403 54.699810
20.732819 5.573368
-9.793774 -8.622590
38.923306 -21.111870
-53.381645 12.812011
-53.559380 -11.855564
-27.868885 -46.886341
-48.296513 -4.116075
-23.194605 -38.939777
31.672089 40.853661
-11.071484 3.869256
36.139427 31.494287
27.687637 47.876709
7.717913 -30.049675
-19.992207 36.448780
14.674026 20.208384
43.800240 43.134617
-62.401196 -36.002728
36.155109 28.100874
12.036875 35.036800
-47.769386 -3.249918
-8.399929 -22.995316
61.504169 -26.695332
-18.042788 -15.078931
20.555250 -0.493212
-53.987022 22.612648
-65.604065 -5.797320
-65.480316 -6.584392
-6.450450 -37.828102
3.943320 14.885173
43.387962 42.769001
-60.920292 -39.652729
-69.498169 -37.459370
-75.454826 5.254612
32.866749 14.028625
-26.751734 -46.912132
-26.292711 -18.198229
3.709203 17.456339
-56.661030 -46.354443
30.903440 35.875732
-4.514748 -5.398818
-14.644584 -0.927308
-8.433644 37.591583
-9.238716 -7.711475
-22.540407 -64.659683
-59.572411 -43.742943
22.723528 1.013429
-50.083851 -3.729986
3.795545 8.146234
-16.582932 35.776817
-81.982727 -1.047679
44.164032 35.990726
-40.815578 19.626984
1.188769 57.756912
-8.930761 23.627672
-29.333019 -2.323773
-63.841621 -6.375054
-49.045532 -0.761738
-19.851488 -40.133854
-61.456730 4.877285
-54.164474 -0.364361
4.728993 14.936791
-64.959679 -36.391850
-19.705853 35.393459
48.189545 25.442814
-62.387829 -37.741970
21.342375 11.697801
-17.298473 38.315575
-31.333891 13.674298
20.329386 13.586816
-23.944132 -36.118114
-12.152802 -36.903839
-31.742973 40.113049
-64.019722 -5.468054
12.045132 9.692884
-19.168833 -3.953162
-70.457268 13.854246
-15.090837 -18.155422
-9.189649 -0.453033
-78.219872 6.216038
-22.076181 -37.355694
-64.093185 14.166064
-40.813679 19.575180
-18.293104 31.866590
55.201576 24.691263
-12.813876 -10.012818
-68.267479 8.911763
38.156807 -1.970803
-46.955933 -3.481484
-46.155586 15.492102
14.231423 -44.861614
58.646679 -28.668350
-11.421483 -15.197856
-56.611626 -3.136698
18.855274 18.660622
-19.924887 -35.221775
-34.149376 13.492585
43.779469 43.277996
62.412270 -35.174767
37.908981 -25.194469
37.315342 -21.826809
-50.804626 12.619530
5.678704 18.561537
-2.979460 -51.530075
-12.868696 -0.468678
-61.932434 -5.558980
-1.738773 -54.577023
64.132294 6.986076
-18.686068 47.148384
42.656090 28.912355
-39.709846 20.418005
-10.395618 -1.506280
3.538241 12.163962
30.780766 12.350484
-13.056692 -0.475782
2.630122 -49.049767
11.746656 -10.158254
-26.800966 39.132984
14.540623 12.700068
-9.288515 25.312864
-1.412324 55.869499
0.507882 48.814571
33.390278 13.453389
3.664158 12.131957
59.293701 8.205610
-14.090103 -42.687424
-11.825912 -13.145448
-7.416223 -37.391998
-11.488420 43.096889
34.809132 35.195690
-15.577691 39.698349
-66.271698 12.226501
20.871784 24.963730
-19.567120 -12.277785
-65.872231 -38.295616
-30.327246 14.214271
14.286715 -44.868656
38.286736 -29.112465
-80.927513 1.722225
2.346733 14.229709
26.061121 26.581432
-18.966747 37.852589
1.606635 -10.171796
-48.493183 -4.229473
-26.149914 42.143856
-25.520731 43.129570
51.964581 22.273659
51.220272 25.364328
47.128929 -21.829069
-11.967123 39.865829
19.991894 18.177343
-9.290376 25.387497
-28.222836 -47.250614
-9.206233 39.620457
-5.128501 38.288239
-22.887054 34.880970
27.231638 44.379780
5.369130 -55.207294
45.919857 18.252430
2.380594 50.918785
-57.648285 -47.791706
-13.341915 -44.590820
-6.762270 -7.415436
-26.568289 -15.388132
-62.685448 5.123086
8.971263 37.198997
-8.853927 -6.958371
20.730350 1.148007
-48.464302 2.866718
37.506939 23.255680
1.672315 -16.297615
7.204056 18.165525
-15.250586 -15.186871
-57.453335 -34.768539
-10.517374 -58.762974
-28.254587 -47.414722
-27.788172 -47.307156
63.241936 -27.680786
28.768574 -42.523003
-53.640007 -2.275218
24.376553 3.544273
-42.188297 17.946089
26.193382 -1.855290
-15.482482 39.705406
0.254034 45.604252
-24.223091 -59.103588
-47.271320 -5.632270
37.694340 -21.548023
26.265497 2.668996
4.512993 8.798579
-53.128914 1.039474
29.007038 -36.046841
42.003448 -23.001547
-57.168354 12.578075
-58.805393 10.427214
-15.248721 33.945133
2.027744 -14.940417
12.322985 -26.039967
-57.612934 -42.864223
-26.669340 2.141011
26.788286 22.649534
-55.491993 -36.393948
1.894415 21.425180
-82.361931 0.486588
-76.680222 2.023468
6.347730 56.022251
37.143944 24.083485
16.468084 50.591347
11.634677 51.454147
14.418571 48.292488
37.172047 24.132824
-57.939922 12.764136
30.395544 31.413803
-19.400099 -58.098026
-7.154272 20.150919
-44.611790 -4.945787
-42.335205 9.200889
40.069851 32.557228
54.098991 -30.626160
-83.265915 -3.746820
56.990818 -27.466047
20.628345 -39.651203
-56.748169 -4.805288
-30.294985 35.010201
-30.611977 8.678963
-27.056591 -50.417202
-67.732506 17.926271
-11.289546 -47.640785
-8.278739 -45.414951
-66.375374 18.760798
11.846515 -25.934195
21.606062 -36.242611
-18.779911 -39.450111
-28.565081 -0.091208
-20.539097 35.387672
-23.366255 32.219063
-56.058784 -39.375507
-20.906128 -52.329762
26.082554 49.176086
70.542389 5.906943
70.772369 5.950443
9.163374 51.028629
28.567080 42.186428
-11.088196 53.527851
34.073067 33.823471
63.989697 -38.155434
28.177149 44.314796
-4.620372 18.777369
4.997599 -52.646957
28.804184 45.895985
19.303656 -41.704479
9.243084 56.163559
-50.044155 6.498987
-11.787268 -14.123359
-22.484379 -57.776775
41.261677 -6.676989
-9.720604 -6.838337
-3.992962 14.441859
6.009075 12.255773
14.303061 10.592334
27.077410 13.188615
35.744678 36.580513
-21.796743 33.180012
-11.628721 29.645473
29.190989 0.154176
64.947853 -27.024952
33.142914 15.301458
55.361992 13.831906
11.786331 -26.860615
-40.252312 15.153710
-36.179062 14.732576
11.799726 -27.397026
-29.430538 18.022650
-35.698875 15.342885
-61.937614 -32.860603
-17.831312 -66.194984
37.554512 31.404797
39.725517 31.504656
-38.681744 15.986765
-20.693560 52.093792
-46.913151 -2.979919
-18.460756 51.562878
-64.221886 -35.749096
-2.645873 -56.640888
27.186510 -45.455780
55.537281 -11.619516
-6.389117 -9.685761
26.741117 -40.719475
37.182507 -22.856026
-13.611744 28.607834
-12.991564 28.359034
29.218468 -0.266108
30.900015 -34.276211
38.033543 -27.488846
62.257801 6.509035
21.846531 5.296623
66.498299 1.279139
46.305676 -23.229721
-11.259421 -4.882323
-73.279388 9.465871
-18.398338 34.125408
12.875208 42.939613
-21.649914 49.491249
23.918427 14.506969
-7.885128 36.068108
-37.874725 21.253275
31.224110 18.939711
-12.630187 -57.444912
-21.662231 -57.803493
31.066177 24.148895
-32.029274 14.865285
-7.444430 51.967201
-9.228511 50.243336
33.832233 27.243073
-25.797428 2.093604
55.755703 -25.383959
-2.825265 -11.981622
-2.879129 42.751263
25.570908 33.311790
43.031273 -19.842232
-13.673919 -3.005910
37.770958 -20.000929
-0.079078 50.906490
30.456388 9.778437
7.016904 29.586040
19.189127 25.949718
27.830812 -41.486217
52.491020 -30.473480
-8.112557 50.395882
36.075825 27.093666
2.110314 58.543152
61.015991 -19.148722
-18.524439 50.826530
38.427422 32.795742
33.576668 25.404037
24.971939 -0.514841
-14.368995 54.081524
-34.727005 18.768755
-19.586557 39.216648
-20.265362 45.046139
23.869366 -0.678427
5.989005 9.279427
-66.781532 -39.489887
-37.769001 21.054163
-12.129765 -49.808655
45.805111 -30.900188
-35.336433 12.396519
-8.385053 56.007153
-17.102631 54.134460
26.627932 2.402332
69.235222 6.116409
-14.834045 -50.815166
-19.770723 -56.308693
-61.469940 16.262762
58.684116 -33.926754
18.093750 -43.630898
-16.835264 -10.570581
34.523426 29.694757
33.106167 -16.879257
-2.428019 42.494156
34.483227 36.278145
-15.428665 54.428242
41.372509 22.017128
34.953629 37.306599
-2.964777 51.030369
43.961578 19.354973
45.263779 39.062851
-58.881744 -36.026810
-6.517312 43.881214
7.193902 58.739979
-52.574596 -36.785995
-60.025536 11.912075
25.750475 -41.303764
51.651402 -36.918961
60.529022 -36.878330
27.784550 42.163689
25.815855 -42.598057
-66.061523 16.629702
10.932399 40.010780
-40.658108 12.706219
39.992737 6.812805
21.492474 -26.724564
21.739500 -38.271908
25.705559 4.902646
20.860893 -38.893650
36.482166 -14.313771
9.543333 4.784801
27.118944 23.575125
66.040703 -4.701713
20.626938 -45.255424
33.018288 32.735981
20.066362 -7.867472
35.573071 40.437672
26.071653 -1.173580
-17.912996 -2.889084
-14.808026 55.050690
2.424933 58.819572
-15.010084 54.423038
31.184008 -15.960197
-17.191315 -1.273013
26.094231 -43.833317
52.899658 34.158867
64.972229 -27.102543
62.657234 21.866991
18.635820 -42.950562
27.094984 45.239933
2.124573 10.384561
61.019073 4.499741
45.802952 -22.030722
25.179918 42.532429
13.297844 42.660896
-2.419368 -15.211278
60.251331 -19.570150
10.047937 6.613189
64.506302 5.460896
12.264741 -26.419670
13.036332 -11.598542
-13.759264 45.719894
26.285799 32.297810
55.725628 -31.393917
-63.171055 -2.965150
25.872442 -44.887897
55.315834 -31.981377
-61.696190 -45.309036
-66.263710 2.622226
2.106616 -17.398878
-12.085629 56.987785
11.693557 -26.992996
12.912740 -11.835938
26.473173 6.495042
-53.624031 -43.094330
54.240597 33.596802
-64.982071 6.527640
21.843216 28.432333
9.737835 -24.287903
1.933029 50.734722
59.022312 32.956997
12.613402 -24.958454
10.583441 36.921963
-57.826485 -46.702888
-23.846645 -45.875751
-7.881837 -44.537415
-25.363869 -62.152348
-38.981079 10.826834
22.207632 3.015084
-68.633675 9.995427
12.540173 -12.003542
23.411322 8.023516
-14.959259 35.168976
0.655607 9.381711
62.501091 21.567156
-67.695816 5.356011
58.674953 26.143541
-14.271713 27.801947
-53.961750 6.396279
-14.762753 -9.262757
-47.117756 -1.849818
-38.407112 7.340340
65.646088 -37.578823
-45.920555 -3.799837
-54.340023 -2.872850
62.869461 5.971769
26.589748 30.562992
59.912891 -20.275784
43.911938 -19.041470
-79.763191 6.414945
53.759533 22.976042
-64.187477 16.510288
-9.303641 -2.196295
1.090615 -18.696938
70.053467 0.924236
69.569023 0.547373
66.505005 0.363202
59.752548 -33.583668
58.948288 1.930060
-9.492219 31.098301
61.962181 12.495638
-84.674744 3.705723
-61.062836 -42.640930
-10.797169 30.557802
-63.309872 20.459566
68.467125 4.914732
0.709480 -10.271667
31.326370 5.883725
-7.767333 58.607761
49.046375 25.448790
-10.788686 -55.626141
-80.298744 6.601219
-0.149866 -51.597450
29.786320 -36.675430
4.592875 18.818119
-31.705162 12.638721
-46.591873 -4.855869
-70.223488 -39.851677
-11.333656 -58.608829
44.458851 -17.276279
25.378500 -33.652805
-20.137531 -45.599567
-58.013149 9.859300
-0.275661 -51.465073
27.182564 14.897909
63.013775 -29.173193
20.043518 21.784773
-26.392279 32.775173
27.236097 15.573588
-20.275612 -50.130264
16.064611 25.317198
0.072032 0.168795
-47.074097 -4.910891
-15.607599 27.911127
-64.440575 20.344521
-19.329227 35.493309
2.141997 53.606556
-65.089836 -43.396870
-15.049514 -57.094280
-18.321564 33.851418
8.633695 41.725620
-50.064808 -5.137104
52.272404 -36.799103
-37.180161 19.460142
-82.753952 2.901220
-0.641781 -51.210129
2.043925 -20.006596
-24.183086 47.804062
33.790783 21.865215
40.130989 4.525648
-14.285644 47.185059
31.446119 30.357002
-57.962337 -37.018333
28.850569 -43.154026
62.483982 -36.603672
29.912489 39.009918
26.146030 47.907589
53.696598 13.605038
14.889953 51.352543
48.106506 21.518990
0.469838 -17.011652
63.493378 -36.796261
21.778458 -40.189075
56.281219 -33.878349
-17.799051 -1.507812
-10.491963 -16.722929
-62.295818 -2.864826
16.156843 35.510361
64.180420 -38.056385
7.146326 53.743603
64.488136 -37.508873
-0.532804 -16.979774
24.352810 -42.553997
22.427811 -43.578953
20.267942 -43.603642
36.169155 30.244804
6.910486 19.099133
3.578845 -53.257710
7.061695 19.034796
-48.011513 18.586950
-85.282707 3.162238
-4.321784 -5.771884
-53.098602 -43.447701
30.628881 22.869101
63.724354 7.248685
1.530361 -16.705309
24.253555 -33.688526
-80.766342 -2.036014
-29.569748 -58.282497
41.895451 40.830528
25.624327 -34.139912
24.443144 30.702755
-21.220369 44.660946
24.676661 32.023117
-2.121848 -16.958529
-58.674133 3.339033
-11.747825 -13.377400
-39.487049 17.695539
-2.421904 -9.393040
12.363520 38.120754
-9.633859 -14.145705
-31.214237 13.661630
1.637227 -57.473438
-4.015563 16.159657
13.575040 50.375946
34.354984 14.457982
-16.419249 40.432831
31.356665 39.378445
-5.015663 54.616188
12.439004 39.635860
-25.498240 -58.315521
50.053062 -27.501501
-23.641556 46.195004
-53.205582 4.396977
-41.329311 -0.814413
-60.509495 1.392134
-11.475863 52.993248
-11.397725 52.219612
-5.877985 53.688599
-58.519619 8.841665
44.975475 34.678066
-10.068074 3.420370
51.943008 -21.588173
18.291296 -45.008698
54.145374 -21.426144
-22.436182 -37.604420
-12.452991 -60.238266
-23.791950 -57.734726
25.877209 46.544155
8.315278 58.731419
25.957773 46.853691
62.598267 20.322897
-15.318073 44.901821
58.924072 -19.667076
70.002274 1.631436
68.817894 0.375250
2.218682 -55.837971
29.017357 39.679276
29.107527 -45.067196
58.018703 -34.802105
43.341728 29.044212
57.534000 33.457756
25.165628 34.772720
-3.535313 56.774612
-64.229218 7.421949
-50.334267 -6.513853
31.015083 22.681147
55.709068 -28.584791
27.685122 31.491390
-6.956658 53.417133
30.274620 -42.705578
30.771156 -40.288120
-84.140900 -1.101252
-16.835449 -61.641697
37.630363 23.043098
23.690916 -44.007896
43.030888 -22.375942
51.921085 -22.521835
34.617477 39.218403
12.218761 37.853062
-4.303108 56.383930
-49.264534 13.129831
31.211445 -40.743057
55.452972 -23.108501
-7.488997 44.282974
9.923000 43.100399
-11.622314 49.905891
54.154621 33.719669
-54.948864 2.691113
-42.515362 11.332547
25.454134 34.749393
43.666565 24.360559
-84.670380 -1.392705
40.327744 8.383317
-19.446259 51.686504
36.029583 34.561867
-20.375902 51.837326
39.873997 38.591915
41.686031 31.119913
55.910175 -19.145420
-22.492140 -53.602280
4.012397 28.631830
-19.316130 -61.169125
-7.970613 -21.076548
-83.112770 -0.779981
-19.731735 -12.000648
-0.534317 27.806625
54.723293 -33.979500
48.571636 14.598008
-57.888733 14.873536
-7.389491 -18.340605
-1.287507 -51.638992
54.856476 -22.544952
-5.399657 -18.063017
-53.093906 -37.416344
-2.218103 -19.091791
-55.814827 13.570276
17.189411 -40.860706
22.147617 -40.121223
38.330914 -29.393038
26.155828 -43.834270
-3.213598 -8.691565
54.682907 15.927025
54.667439 15.795056
-12.767539 -16.863913
-1.324818 -23.450790
45.809589 -30.876400
-20.841131 -59.455730
-1.191619 -9.443275
-0.363119 -60.141163
-17.610712 -64.566879
36.289745 37.377033
-9.154869 52.873802
-54.558456 -34.310467
-1.241527 -50.810486
-9.509682 -12.826804
46.872898 29.403046
-9.393847 -15.247856
2.766569 -14.917188
-6.720831 50.346169
62.350166 4.411036
53.645214 34.975616
62.803612 3.373561
14.615005 20.129484
42.783367 25.465088
-8.243462 38.775196
-53.778538 -42.726070
53.647968 -21.383558
57.770798 33.031044
-63.969002 4.657706
3.923245 -54.509815
-9.698785 56.565838
27.245821 29.291050
-59.937180 -42.009144
46.351254 21.362476
55.108448 -36.077343
18.345940 -38.625408
18.491808 -38.838943
-22.913237 37.289288
28.825159 -35.295792
66.096519 4.436247
-67.820084 16.972198
-54.625969 6.120534
-40.109962 -2.972062
-16.828087 -10.540422
26.235001 -37.197643
-15.470583 -64.251251
-20.274940 -62.311798
54.725510 -28.837603
1.827358 -13.054015
54.838715 -26.730968
33.646679 14.583559
41.326603 19.571005
-3.463930 -55.022884
-11.664108 -11.909667
-6.144629 50.540062
-10.174703 56.941216
58.419945 -28.405266
53.868889 35.506596
-55.165802 5.993238
-63.992405 -34.043446
-23.287487 40.574940
-15.824747 30.998430
43.055824 35.136723
22.886463 29.236910
-7.487353 58.308167
39.951923 4.288399
-14.180193 46.750679
-64.744507 6.967329
47.808174 7.839076
-20.937786 -17.013977
-1.862631 -57.333275
-80.978935 1.569471
41.880783 34.434277
43.042095 41.183998
-5.248688 -18.097387
-69.477440 -42.247154
-1.894032 -47.137474
-39.514069 13.682288
-9.404918 -16.111835
-31.503822 -56.745300
-65.236275 -37.342617
-1.354115 -13.404333
-22.653013 -57.541267
-60.887005 -32.464714
-1.768551 -61.742817
57.091145 -29.596773
-85.724846 -1.067849
42.334705 27.462622
-24.786009 38.176083
42.124237 30.844109
-59.552280 3.060794
-13.829642 -20.280722
-25.840414 33.636639
37.972992 -13.389283
-65.986725 15.797796
8.378064 42.515453
-51.649563 -2.306392
54.643311 -28.601915
45.404423 24.792429
4.953545 50.177521
12.237603 47.412441
-21.077639 -57.116669
-8.824426 48.732674
47.394424 -23.301291
-0.278953 -19.811991
26.120302 -34.666962
44.484921 39.833416
-65.635071 -43.496113
28.647835 -44.507439
57.484459 -31.108826
43.332882 41.103390
59.924797 -24.728951
29.225622 -46.149147
-13.338579 -48.288719
-21.160805 -61.920578
-81.101486 8.430573
17.918749 -36.792336
-24.285507 -55.489128
-20.921497 -64.166351
-19.774036 30.534168
-12.106907 -61.533817
18.070442 2.303839
-53.692749 5.845814
19.512783 31.891783
-69.431190 10.201096
45.980381 31.303505
-65.100822 -35.247536
-56.028095 -38.908073
50.627895 -33.188473
31.413950 -38.000145
43.775154 -21.848459
54.146809 -19.371437
50.347641 33.421513
-0.888671 -11.357031
66.267418 5.761580
48.296322 26.870066
56.712624 -19.960550
33.488705 -39.865467
53.379608 -21.703568
-40.176060 21.161306
-64.687714 -38.025417
-25.715483 -17.315807
25.759239 -37.202175
55.839653 -33.255772
10.732219 -27.014376
-61.488426 -37.334789
-15.526801 -59.311501
-61.825176 -32.764767
-7.669834 45.011883
-84.257683 4.604573
-18.779463 -63.283321
38.735027 31.447601
-1.994166 -20.323591
-19.588709 55.564915
-59.508568 6.946120
-27.047523 -53.059914
-1.727728 -9.423569
-80.321442 1.905398
27.217854 33.065865
-58.046558 7.281194
-17.506618 -56.965954
51.447861 -28.960024
-9.204175 44.396610
48.194069 -26.868139
33.042629 18.214848
28.760071 46.669044
-18.708645 30.138344
-59.610046 8.119001
9.017902 59.167217
17.544830 54.466251
-2.249101 -18.243101
-78.084114 1.443709
-22.320930 42.919647
-1.214279 -6.698561
34.931458 36.227863
24.189962 -44.507519
30.290462 47.059551
-3.584239 -15.602010
-58.445053 -44.081383
60.803493 -34.736904
-24.304457 -60.099762
7.057062 -21.398918
20.522778 38.779716
-63.626507 -37.487392
29.948841 4.184715
-59.250957 -35.057571
19.928261 16.776871
29.410650 -43.266651
-56.027786 3.255828
-53.053329 1.561051
-21.155737 -59.420525
59.191231 -35.015015
-7.519192 50.990067
-53.742817 6.608698
-53.836349 7.147450
48.218300 -22.914253
-54.002762 -43.518070
31.130787 30.020164
29.921206 40.175110
-39.620979 13.588164
11.905322 12.742540
-23.201015 43.956371
48.152184 -26.215965
1.465014 53.123577
24.862204 -5.031672
22.427883 23.153572
34.810295 -17.421204
-12.601045 -44.541275
-13.682387 -43.973377
-25.393230 -56.880730
20.896225 30.869816
-3.922117 57.809647
35.525955 10.171530
-1.603443 17.753349
7.091978 55.894894
14.722880 9.443074
-6.194154 55.797260
-4.763869 -60.072655
-21.851309 -41.279945
-14.882154 52.735458
31.672237 18.656981
29.379026 -36.135368
-7.486029 -13.288091
13.000415 -3.102002
-62.690487 10.919642
-3.906250 -16.152761
-23.841722 -45.894329
-67.316452 18.820877
34.468521 13.118247
-19.858248 -11.740587
-76.145065 1.377483
9.202514 47.327320
9.509508 47.384151
64.247559 4.975732
58.345951 1.488803
-0.541112 52.200478
58.281258 1.453642
43.449783 -17.591795
36.717476 -14.913545
-30.948391 13.406149
54.942749 33.247223
-44.986877 6.042776
-9.183561 51.428764
-12.233457 29.361853
44.270218 32.467144
-50.200157 2.007649
-66.300369 4.990596
-19.958008 31.079487
6.749022 28.357073
6.382950 32.659725
22.833107 -30.569271
-39.735634 16.560410
41.056892 17.660517
-10.796353 -39.914707
20.178377 -38.132069
28.674292 -38.220772
15.418054 54.092350
-44.589306 -0.470104
52.756718 -31.011332
-3.577406 45.060253
-63.086918 19.104761
20.542088 38.818638
8.359898 -28.016375
1.470161 -59.148708
13.553228 9.658952
27.082039 26.552917
-14.650130 -48.611336
63.372990 -29.382677
40.355019 35.421474
-43.404373 16.086588
58.284245 32.568626
0.578391 -18.590351
44.686508 25.800646
-64.790909 -36.291618
25.029680 -17.716156
39.542381 -0.738771
26.641973 -7.140613
37.761772 -13.637670
68.681618 5.756451
-44.168030 19.230679
57.041542 -26.324129
24.800983 -47.305084
65.597443 0.927223
64.536011 2.692787
37.611134 -16.367685
11.246360 42.334229
26.893055 -42.437496
-53.871067 9.507060
-64.425079 -45.746056
40.156754 10.675928
38.046902 5.768488
30.981445 -38.145836
14.069150 -24.040474
-25.899401 36.503792
28.575430 38.839935
1.755073 -54.982346
-21.474556 47.675087
42.967056 18.553665
-61.556744 -45.582825
-57.168724 14.000360
-59.545338 6.638653
26.069218 -36.423622
46.956482 38.434772
55.850708 -29.419691
22.693707 -43.678261
41.006065 -19.831900
-56.078556 -2.617136
-58.417393 -32.169888
-26.725861 -15.616690
-20.614908 41.146484
24.387499 -39.399761
-21.433273 37.839771
-22.042288 -60.347115
26.026718 36.819122
-60.074841 -37.739105
51.081200 -12.615157
-23.442947 44.885929
2.269158 -1.189327
-8.056035 -47.640247
-65.054634 -34.696053
67.044685 4.989318
6.467458 39.628155
37.158676 29.712412
-83.080750 -0.142019
21.399187 -2.412391
32.652481 -13.896986
63.152134 21.766668
63.011341 9.986233
64.860443 6.367807
-54.438938 -37.146851
31.168728 -41.778782
50.658531 22.957581
-86.263123 -0.772684
-53.448616 -35.882824
27.712414 -13.257370
64.189125 -26.069532
9.910753 -24.496878
33.815098 21.902050
41.262398 12.755958
40.791500 27.502310
57.711639 26.800718
-57.388920 -42.132862
44.426147 6.203371
40.461632 7.688478
22.170813 -38.034569
41.362049 27.277258
23.257017 -45.926563
55.990372 -26.048904
-59.757126 -40.961521
-68.855072 -43.492245
46.448299 -0.304688
54.520889 -15.008523
31.684187 12.942114
-61.867218 -45.818413
52.422749 -22.166302
36.439045 12.995592
-13.504065 -12.155454
35.038254 22.678576
43.926998 17.576506
33.795162 -39.507351
66.294106 -32.500832
50.413315 -23.510296
-85.487869 4.081328
-66.277214 -36.719452
61.245518 -24.163637
-14.241920 46.830452
65.079170 5.887138
49.315903 25.907598
-26.015310 1.480987
49.407875 -12.370526
-58.309181 15.255870
11.690645 32.349628
20.959816 19.258532
58.797443 -19.598715
-72.622551 7.985209
0.595851 -61.248547
7.001154 -26.712305
-8.755566 -14.507439
8.280205 -27.958012
37.734394 29.287392
-10.403462 50.720432
32.102268 -41.742783
43.726337 9.350389
-25.328833 44.149353
57.021736 31.699121
12.395145 39.065556
5.304494 30.336235
-2.737688 57.563656
58.771786 33.570492
50.039852 27.287355
-50.576595 5.388880
-2.664444 58.503998
45.635456 31.791836
41.105972 11.879251
49.482605 -19.948343
65.913292 4.945773
49.302242 -19.818390
50.217735 -18.910095
6.575796 43.409790
-83.252747 4.405250
25.779564 -41.191853
-35.078991 21.246698
38.296474 13.643023
40.459423 -20.345551
-22.648884 -62.080864
25.463194 4.901282
61.484737 7.482919
-79.554527 1.961159
6.152502 20.098408
5.036760 35.184711
7.174524 40.485588
8.665743 27.914961
51.178093 -11.325966
-70.571632 13.494746
46.456886 -0.322605
-51.129688 13.845776
67.506859 1.324851
59.286140 -18.961565
45.504845 -17.565247
21.172338 -27.301300
46.600315 -31.119909
-57.167278 1.038812
-14.041398 45.762730
-42.078777 0.732146
-38.322193 9.038525
15.348411 -38.772858
-57.824833 13.962362
53.132439 -36.737946
6.879599 42.676472
1.065725 -16.998682
-20.940638 -63.821693
61.214497 7.596001
-3.875888 20.747561
-7.922678 -12.980572
-49.359211 6.009708
-9.242345 -10.900325
-65.581581 -44.492172
-13.866713 -45.052063
-82.114601 7.654302
-60.976723 9.298696
-10.813317 51.497841
-52.508141 -1.875365
31.079203 15.235587
-10.262931 -10.723292
-48.117161 10.142461
-54.551212 2.675863
-3.518120 44.997318
23.756088 28.425121
72.821106 2.242948
59.088676 2.079913
31.278597 5.000842
12.236638 -26.954409
41.692883 22.966415
38.491085 28.471546
-14.826648 54.252754
-6.623869 55.828270
47.240936 -31.150822
42.121895 -28.906080
26.855228 -43.307343
22.879417 -3.891137
23.073435 -4.703234
26.770967 -8.940210
-10.946494 -55.800465
32.864262 34.368095
-7.206842 -17.856899
46.335712 -27.837082
-26.067186 44.325459
26.767515 12.153253
-27.504025 -46.022392
52.767128 -28.283131
-58.950359 13.017445
-23.831251 -58.771332
-47.311657 19.393091
39.004494 -22.337200
46.970558 28.437998
-80.490974 0.794611
11.680503 -10.102601
-53.336197 12.855800
5.897714 -52.406952
-55.863281 -46.149643
-22.077913 -55.506954
-25.346771 -42.519569
-63.196484 9.292399
-58.801487 6.972992
-12.680229 28.636490
-7.523756 -10.321360
-16.569090 57.745438
37.313736 32.632484
43.192791 -26.605730
-4.870628 -16.390999
-63.219051 1.710061
-12.493646 -37.162899
-10.696548 -38.846428
-61.328846 9.653858
-20.241096 -39.752831
-39.609066 12.574674
30.817194 -35.985764
-66.622093 -39.667671
39.974930 -24.013916
-63.438358 13.373636
3.646913 11.156716
-60.866798 7.014795
-12.906096 -10.157132
-67.716393 15.357520
38.521442 21.753660
-68.609467 10.079590
-9.215858 26.051416
22.731567 1.133026
27.533075 -40.355339
27.737783 -41.864422
-65.562752 -38.624302
49.701553 -17.914024
-54.855862 13.829374
25.028009 -8.216479
21.665434 18.652903
-49.915527 11.492905
42.561176 6.674726
62.858585 6.576881
27.337999 45.176376
58.059032 -29.993713
-48.926697 -3.093099
-22.467449 44.093422
-20.640228 49.344627
-62.279270 7.801371
-2.707978 -15.454890
64.817932 -37.930077
27.519829 15.161947
-8.445325 48.259541
-20.183922 -48.795238
5.330583 17.320185
10.932878 44.600800
-55.373108 -0.570316
25.152424 47.442501
24.806149 45.728542
13.915416 48.348145
-72.842010 8.434630
-50.281265 -6.557438
-8.418795 -54.380272
7.626184 41.577854
-12.394414 -45.135639
12.086372 48.751945
-21.836596 31.622086
23.605026 -1.622597
-12.774529 -55.436821
-3.262512 -18.940813
-3.902359 -11.426353
30.445093 37.150562
-8.062932 -39.569256
-22.279612 40.608181
7.389743 56.904305
33.273472 35.444794
-7.850794 44.001347
-36.364651 17.678669
-61.249573 -4.329546
26.699415 -39.177906
-47.157349 21.221659
7.647528 44.327785
36.296787 20.101120
64.002335 -36.592854
4.266357 51.637436
2.737559 53.363716
-39.047359 17.597414
0.695613 49.215912
-11.641773 -16.189848
38.139561 10.696945
-12.653708 -45.495384
61.900291 8.656981
-12.134407 56.997597
35.288208 30.455082
37.910454 10.392071
8.572639 44.828442
27.837152 44.590481
-12.984332 -7.972343
-5.436707 38.429688
1.640548 -52.596828
-23.410330 44.130142
2.845410 54.094437
64.434540 -26.223419
4.710276 -26.202871
-13.312962 -1.446385
24.141006 24.851816
35.989723 37.998543
0.074239 -57.372639
41.999676 15.240660
-82.484749 6.986559
28.780367 37.709171
-38.181282 18.174753
-74.281677 11.134587
-21.542189 -49.355350
16.635427 -45.287186
39.553829 -26.679300
15.604530 49.794338
13.394997 48.495918
-81.249619 0.602124
29.325951 38.649364
-18.099537 35.834507
5.583122 -55.298222
22.752007 -44.439720
-7.839232 47.870525
7.014997 57.905624
-61.971127 9.331306
16.330181 12.105611
-6.195462 -13.789962
8.352117 -17.575253
32.763710 14.647142
26.481647 43.523468
-81.312241 3.412706
-68.433502 -34.814240
-20.454990 53.235550
34.343925 38.797234
-8.982468 -54.179310
-13.686180 -3.211298
-3.015960 19.612650
-16.948486 40.016335
-0.143173 45.493366
65.664192 3.274839
-67.844261 -37.849453
45.884026 31.921721
-7.858322 -11.260053
28.394655 -43.701904
-25.656294 -17.589409
36.913570 30.474039
5.059333 18.818918
3.858080 48.466469
53.714493 13.683451
-52.398296 23.008204
-7.928541 -9.275750
30.101992 27.743198
-78.198685 6.434020
38.161472 34.978046
-54.360237 -3.107471
-73.149620 4.198005
-23.318985 -57.148823
-61.334610 -42.091568
-1.574367 -49.511627
-83.742058 -0.512063
-18.974905 -12.684546
-9.416832 -57.544979
18.725239 16.887558
-2.625574 -18.279293
23.852766 -17.271460
58.463711 33.037930
36.254032 28.692921
-2.390708 56.830746
26.598015 -40.240967
-55.505146 2.703226
-3.307178 -54.921253
-1.891417 -57.420071
47.400249 34.732777
-12.615154 52.333939
-11.744426 51.014481
46.098442 38.121765
-63.971249 -35.368778
61.461533 5.786121
27.790007 28.002066
-8.268432 40.898708
62.923187 21.339779
50.216579 34.230888
-63.223000 8.851330
0.438635 55.851292
-20.861782 -61.332687
-64.748543 -9.014433
-23.157589 -54.796913
-14.107579 -42.598652
4.404148 -48.928520
-56.312054 21.361572
30.380333 42.013294
59.505497 -24.138157
40.278904 -20.092663
-44.679680 6.501121
60.143810 -35.226231
52.169811 30.251101
-9.759165 39.626534
49.818466 30.713774
7.986256 -11.033629
-66.845909 -39.497620
43.016602 -21.705090
55.569626 -25.670876
-10.390071 45.278156
-11.904840 -12.225883
48.294914 33.380058
-4.507256 -9.144206
-7.544368 6.397510
-64.211449 -39.888702
-23.198769 41.080894
20.195530 -2.407297
6.081942 32.903351
-76.202675 -0.407661
18.994822 0.610458
49.633930 -19.475492
7.265426 33.565235
30.910906 -17.346373
-18.913145 -46.042229
-18.741482 43.889194
58.098412 32.602310
-31.651985 13.730434
-46.604904 5.748550
-69.836761 16.646927
4.249429 29.118052
-36.891460 18.796125
-54.831333 -47.644222
-81.263008 8.548980
-0.734807 45.148201
-83.342293 6.775401
-65.427017 12.796800
-6.936868 0.362010
-18.663643 -46.022064
8.328042 43.263390
10.144951 37.188457
-64.093773 -4.452528
-55.477825 3.949285
-1.190371 54.587128
68.342468 1.684204
-57.490349 -2.390389
-67.048813 21.483479
-65.753471 22.182407
61.435143 10.563826
1.929619 25.199284
31.513096 13.162539
62.507408 10.979956
-55.916286 21.826883
28.405563 -35.928020
-18.530020 33.938774
26.260826 -2.261505
36.980801 -15.115264
25.173204 -7.853592
20.261173 -7.936682
24.428022 3.739440
-59.297222 10.340601
-26.158651 -54.275745
48.717117 22.808659
29.259861 -12.766390
44.824387 -21.686054
15.815906 11.901911
25.162134 30.751499
30.978924 36.255798
18.841719 23.449829
-14.482837 42.362923
31.570847 27.366520
17.730564 -36.512749
26.508888 -9.996804
55.058388 22.756636
-7.062561 -35.671162
-24.961439 -55.136959
0.825444 12.600251
17.395178 49.370342
-65.021317 -43.892708
-11.071482 -60.926182
25.209961 13.700867
27.448357 -13.337071
58.985237 -37.327118
35.750053 3.681647
-1.263681 -8.177108
-17.781988 -49.896709
24.888504 10.379226
26.825096 43.516331
-17.502123 35.844303
31.111803 -13.637294
-78.395119 6.359006
61.089149 0.565572
53.338921 22.992464
62.722740 6.227195
29.508759 12.333088
-53.488884 22.770226
-9.908623 -54.915363
-10.671283 -61.104404
-14.006133 -59.946541
59.426891 5.717796
-70.352913 13.819629
-16.440498 -0.603322
25.940750 0.355782
-6.745105 0.354558
5.042240 -26.319921
-59.318893 -9.476121
-7.340592 -38.212364
-8.606057 -35.036877
60.163952 -19.972309
25.438179 41.905468
24.824080 10.369195
20.161608 43.231789
32.262821 18.469408
-10.509318 -36.749531
6.924030 19.438030
4.852551 14.981982
44.019485 -23.557627
-9.371461 -31.266739
-0.767104 -57.486256
53.633644 29.990715
-11.875809 -14.713950
-9.065604 5.598110
44.014702 21.770872
-44.186443 17.979500
31.032581 22.637854
-51.132092 1.801664
48.446255 23.918865
-34.115406 18.339182
63.026257 10.063091
13.114346 53.408424
-65.223320 -5.684864
3.351862 -49.923168
67.060814 -34.927959
-8.999434 -53.822811
-12.846633 -63.338833
-41.614201 1.007975
12.511027 13.087228
-20.775473 41.383396
30.037622 -14.673641
50.721886 -32.996948
19.621775 3.680405
-9.221448 -18.845070
-66.108162 -7.894755
8.251626 -17.499352
16.044230 24.554974
-61.782284 -7.487424
29.818296 -16.422136
6.058690 -52.966686
65.390770 4.539782
23.803040 28.019117
51.115868 27.993320
-65.078003 18.512707
29.868574 -17.898472
27.643816 31.338848
-21.011484 -64.919930
-3.905204 -13.237225
-49.987690 -2.403739
-14.473632 19.165440
-26.900221 34.713387
32.593994 14.824048
-19.185110 -47.017197
39.206898 -26.587769
-32.190281 16.121759
-83.641083 3.903563
-60.299572 -3.352540
21.775528 -35.164978
51.788383 -24.377249
-83.311684 1.661675
-19.976156 38.114178
2.011804 14.288080
-56.889091 5.181499
-18.052416 -53.571510
32.779362 -40.703617
7.637489 30.588667
47.402542 14.275853
-6.094598 53.056458
15.301897 -38.799896
-1.266493 -14.446471
-58.546223 4.670550
30.445856 28.196985
-2.042398 -47.003815
33.367252 7.163025
36.031769 11.367114
61.504631 3.823907
20.754227 -37.345928
52.559948 21.441723
3.293672 52.269012
25.519226 -6.739131
21.518005 -26.696651
46.698891 21.660042
16.457802 13.134242
-15.157586 29.921164
24.341806 -16.697906
12.448664 14.344468
13.333588 12.868470
43.662510 5.619905
-62.200966 3.058745
-6.945842 52.075481
-48.556576 -1.971005
-4.475038 -12.800903
59.528019 -26.812782
-47.811577 14.370796
3.623613 -54.526257
-81.436829 1.473976
-14.298728 50.435337
21.801994 3.532029
-57.973484 13.382063
-1.473085 -16.311441
66.845146 -1.556685
26.642885 -39.074574
-56.597431 14.058796
37.873417 7.146002
45.538494 0.657308
-52.949249 9.751528
38.701946 19.086870
-30.242958 35.040333
-17.743624 44.425224
-8.433640 -5.037020
-30.800293 34.765968
41.652493 5.505261
-2.674947 -56.360611
44.183422 10.880114
41.993954 21.633408
-31.932102 -54.733162
-60.634937 -2.513803
66.139977 -26.410625
64.566574 -33.785961
-46.624607 16.069946
37.952774 33.553040
-63.430817 -35.619125
-12.375187 -63.522324
-60.121704 11.171913
4.355422 -55.248745
1.639407 -14.364726
0.597456 -50.560780
-1.472456 -61.997749
-45.645344 16.187576
7.531573 44.098255
0.957041 -15.587440
51.957687 23.423054
-37.589962 20.814495
-3.991822 -7.567812
11.964429 11.346697
52.362598 -23.968760
25.084967 -16.195019
27.449440 21.789434
23.770243 9.776918
21.205374 -2.509136
12.823861 -11.642664
-67.417145 15.393331
0.301810 -57.200687
-46.615520 -0.353456
49.863670 -19.687035
-16.190027 44.927334
-11.473250 47.846420
-73.874611 4.230252
-67.729301 1.846062
-55.775345 -46.812050
22.870581 1.733552
0.663165 -61.354610
-62.240265 -39.500809
18.930544 -35.331432
7.530565 26.470598
64.056038 -33.395378
27.009954 -13.256667
27.126272 -13.342291
-22.427191 33.131947
15.167231 22.705956
60.006252 -23.486725
12.516538 50.268616
-49.749603 1.775633
-11.903871 -46.592758
24.683825 48.053223
2.939514 -15.141154
-5.740818 -15.219341
-17.068678 45.083744
28.361427 44.182274
-31.359299 -3.095644
-31.388268 -1.392394
24.144466 44.938702
-69.682198 -37.717499
-55.546085 9.342197
-63.467392 19.752089
-46.667240 -6.434829
24.565102 10.093531
55.383862 24.201895
62.691696 21.326214
41.488392 -21.627602
-39.155384 -2.011717
1.945087 -59.951748
58.414883 -30.321623
19.751810 -40.397858
-68.322861 -40.761181
27.603472 38.891708
10.897488 -29.882303
58.714615 -31.799791
0.499284 12.441026
-4.116000 -7.525569
-1.801199 57.263081
-41.459797 15.952167
4.364904 39.410534
11.409413 -10.299835
31.915216 12.973025
-59.894413 16.739939
-20.751095 -64.877739
-80.544106 4.092754
-47.888142 3.230770
43.332153 17.656063
28.317099 -47.284000
-0.964619 -19.054564
-45.164631 -4.047912
28.894836 -35.580750
48.530468 -26.098902
-45.772758 -2.677948
-43.287918 16.808098
34.622025 -16.406254
35.105244 -16.623590
44.690853 -17.317223
61.077000 11.894061
-44.971016 5.921575
-0.748575 14.690316
35.403591 14.686235
52.080742 31.835022
-30.820978 14.965938
41.298332 13.495335
30.797726 -41.194954
33.671532 5.343443
-16.648914 46.761536
9.933900 42.343346
58.832809 32.268906
-54.581898 -37.908474
-26.782980 -60.680279
46.090626 37.965969
-76.995796 6.308052
18.163452 50.557083
-24.668903 -63.554321
29.499638 -41.441174
-1.735403 54.927891
44.647091 10.480297
61.113697 24.045815
-14.922317 49.451237
59.938950 -26.346670
-65.812599 -36.438133
-9.794959 49.198544
5.715031 -25.141275
-20.889107 38.806858
-67.825447 -43.028893
54.723377 -14.936905
52.258163 -34.912582
24.137487 33.344273
-59.615639 14.012559
38.184044 5.807342
1.086540 -59.555229
60.947491 -27.808083
6.082758 -53.557625
-15.463559 -55.704830
26.983692 33.243481
42.575394 6.679241
52.583611 -15.787532
-31.417601 -57.339138
59.637157 -28.045488
-68.770935 -35.338772
2.383703 -19.364523
49.975719 -13.512002
1.609579 -62.501148
-22.740767 37.466721
-24.873068 -59.943817
24.156841 9.948623
-6.409001 0.184525
-66.441429 -37.139297
47.758797 23.564112
-64.343330 15.352650
23.418930 -37.044567
53.363052 -25.303223
37.140808 -22.851725
-44.366234 10.847713
40.904896 -16.083326
-10.932396 4.997302
-81.144325 6.681357
24.199720 30.376341
58.350677 30.631739
-0.697451 -53.277351
25.781164 40.993404
-18.289564 29.621166
55.607574 15.612601
-4.986665 -8.987416
67.614449 -0.012678
15.000834 42.622852
-20.442028 32.042313
67.633064 0.066976
-0.647288 -59.250069
49.700764 34.994652
58.277679 -17.515289
48.586861 -20.613743
31.001392 -39.058342
4.043493 -19.002453
53.819759 35.897949
49.088795 -19.770451
2.145132 -57.344677
28.057384 -33.878525
12.133494 -27.038221
30.121321 4.926530
48.265385 28.641335
38.778072 21.614420
48.231525 -26.199333
1.715115 -19.819153
31.545130 41.156403
-47.901783 -4.890504
-18.086735 -39.799038
-69.232544 7.126776
62.722969 -33.363239
-65.625977 -41.764812
-51.888580 7.194302
0.379117 -55.887608
-60.792641 -38.333977
-3.992314 -16.795828
27.128628 25.142927
29.498379 39.505726
62.532845 -34.662010
30.067070 42.965382
-24.257042 35.951725
-20.001740 -50.584843
-25.307335 -47.499531
30.684362 -37.637463
29.636921 -34.291256
-6.107547 29.546015
29.587461 2.806353
-15.477704 49.427013
6.371265 47.095722
59.135521 32.244358
-65.380516 18.897623
-2.020187 55.082767
6.857690 33.494072
-3.518698 60.297462
-49.977013 -3.309392
3.183545 51.091076
39.123611 28.608017
41.214691 -19.065731
41.991497 -17.717142
-13.076816 -61.870682
61.279755 -34.238472
-62.188660 7.922237
-35.065186 18.347046
66.405289 4.679694
51.758705 -25.781725
-2.320850 -48.043053
47.819950 -21.323833
42.529053 -20.103567
-0.907640 -59.253422
20.119492 -5.957163
-54.811737 0.318401
46.299145 -17.010695
-50.786766 3.737430
53.054859 29.702097
-35.413200 17.232038
-14.183731 49.119698
-60.001469 -36.744701
-6.199243 -12.434973
0.213711 -60.195026
54.789116 -14.974715
1.378963 -62.280846
-80.292145 -1.992484
1.004937 -19.337952
7.129748 42.891857
37.106064 25.722416
41.293640 27.244307
39.908463 -18.191618
22.626394 32.229767
-77.298157 0.528557
56.041512 -22.727430
-80.524170 -1.737224
-54.726585 15.494539
1.278294 -62.221024
51.124279 23.167757
49.888874 25.857704
64.177483 7.593435
-70.482307 9.728975
-20.051498 -62.392899
4.188572 36.225098
-27.549786 32.292213
-41.459229 0.757092
-16.542585 -63.063679
-50.269646 4.002948
-10.610498 -13.778597
46.373627 -16.941719
29.665712 16.998034
30.368223 -41.919994
-17.741524 -62.735569
0.250584 -22.634727
-15.695582 -63.977482
4.583675 37.217644
3.509056 34.990650
44.161320 -16.361258
-57.612011 -39.667706
-19.515581 -64.846649
70.227249 -0.126086
69.262787 -2.192712
46.786278 3.682989
53.682774 29.606049
-19.057878 44.223930
41.057568 10.510032
40.585159 17.857012
33.300861 32.151154
52.288643 -11.326421
63.622631 21.491476
7.733781 31.533026
38.289986 16.369141
-4.710630 13.507765
42.310535 9.355202
18.982872 25.971804
-3.174078 57.314770
40.368465 28.572367
-69.784355 -35.527546
52.097225 -15.615393
52.190044 -34.390522
0.961905 -62.344231
20.599096 27.867727
-64.594475 -2.471262
-53.637806 -4.524245
2.968165 -57.680241
-10.621793 -15.463526
0.963303 -22.176971
-15.260440 -54.573700
-54.020855 10.713186
-54.074371 9.643847
39.042694 18.779839
43.439598 9.777843
-47.151791 21.103891
-69.551476 -35.483807
-62.148727 5.384192
-16.120043 44.137096
8.560089 30.541737
-59.663685 -38.977402
24.988007 -42.894180
54.140926 30.769760
-6.101152 29.557039
53.743195 30.178690
29.933691 16.786638
46.667091 -16.982826
53.005615 -26.576813
-12.454445 32.356934
-11.125545 31.186863
-2.960891 12.161753
27.918539 34.377007
-65.269775 -5.210610
39.823666 -18.352180
-20.065899 -59.936871
-11.461839 43.555462
-5.255659 14.133393
36.647049 37.562172
-40.927486 0.940296
0.845960 36.431534
18.493137 19.715569
-59.830147 19.256487
-2.117833 -47.709888
-10.829108 47.880615
-42.771744 -4.281112
13.327105 11.808333
25.568293 -7.099237
-67.306709 -36.584911
-52.579201 2.966250
-29.759161 -2.242072
-85.607651 -0.380401
-62.261475 -39.000870
43.062244 -17.185291
43.410858 -19.747627
24.250401 24.259853
-61.267021 12.698826
-20.801832 -49.484524
47.548325 23.453686
-67.141754 12.981087
10.927031 -29.813715
-26.703640 -47.615070
22.319487 23.084824
-48.315193 7.413958
54.531231 -23.545971
22.605446 43.754238
-66.475006 12.019402
-65.074242 10.155465
-1.230087 -54.140392
1.612314 58.321541
33.155952 25.411844
19.821362 19.137466
-72.693977 12.784151
-21.148930 -16.998381
-59.478321 -35.663906
7.408632 53.912975
62.985657 21.156643
-66.587120 -35.679844
-64.854202 -37.801472
-61.279991 10.580852
-8.629214 -9.621103
62.604225 -1.209497
-28.743496 33.693615
-67.013336 11.974003
55.293171 -32.720497
-53.766052 2.263000
25.302622 -43.403915
57.221558 -32.169716
37.868717 -25.119099
41.695400 -23.295000
-1.468310 -50.108944
56.445572 -29.825947
-49.501106 4.084040
-62.026474 -5.222117
-62.475170 -7.712238
-60.430775 6.317224
48.178329 33.086441
57.641136 -31.226112
-74.191795 10.942525
8.478929 -8.927945
2.163934 53.911762
26.352049 -45.325397
2.037403 57.728928
31.899160 32.140049
-61.235382 -36.580013
27.820707 24.706614
-21.272964 47.973503
38.713161 31.912157
4.778050 12.261143
-14.423909 50.367157
-16.923367 -56.487854
42.163258 22.981031
43.329731 29.554310
26.580519 -46.231457
-9.071749 -5.318227
52.046543 27.135500
-14.969015 53.918407
-64.649956 13.789869
36.151649 12.646987
30.201321 -18.208387
-70.549965 13.595782
-70.141472 4.685853
27.928518 -22.164434
37.573067 22.232086
-48.045036 18.574100
8.673876 58.863281
13.212376 49.405628
-56.197548 21.416597
-19.040161 -44.480072
28.814911 42.267376
-6.796467 -7.397514
-49.431019 7.030009
-12.125820 -37.462524
1.171984 -57.974602
-49.631313 -5.481742
38.930149 25.854170
-26.502970 36.727417
-40.865990 17.656792
-1.045417 -47.724003
56.584213 -32.771751
-58.212799 10.048028
-42.219700 16.215254
31.198965 0.860742
-39.715836 -6.196879
-10.809473 -58.899403
-18.464684 47.583771
12.585124 51.196384
2.135378 -16.482143
-19.145447 -43.693451
-69.639961 -34.771847
-29.153339 -52.919765
-63.483749 -4.746278
26.254471 -7.294116
-31.668442 -56.651886
-62.827740 -4.451742
18.815269 -1.354200
-62.507912 2.524437
-15.930831 43.974842
3.865012 35.437668
25.884745 -17.690552
-18.189438 49.419971
36.737076 39.969421
-20.309353 32.530346
39.263142 -26.827789
5.745474 17.063402
65.210495 1.539134
64.560738 -37.877132
1.604544 51.469212
51.702393 26.705235
-83.392120 5.749975
3.594230 -54.505508
-57.524830 -31.976534
-12.809829 -37.244049
49.370712 26.420376
-54.585117 -35.414940
6.388744 3.487698
-38.951389 19.163483
-53.358253 -42.748722
53.875980 23.296522
33.809338 36.715942
7.367095 -20.711369
-47.968338 4.397980
-17.758665 37.099041
-17.501337 -58.994831
-63.098083 -2.876830
32.358864 24.778267
-23.166553 -58.960533
-17.593473 40.679901
36.661732 -2.928615
17.254681 3.244741
-69.398071 -35.537163
-40.751987 12.433458
-62.995369 -35.121628
-7.050371 -16.687214
-10.810269 -5.107770
45.715027 -27.644081
-44.212658 -1.668440
-18.670256 40.203819
-0.318800 58.915363
33.068001 18.095219
-64.145554 1.632503
-58.734325 -33.858406
-10.487937 -59.071884
-12.553871 -57.788548
23.901592 30.620728
-61.146210 -43.756756
-68.199608 1.563326
-80.468643 -0.667149
-65.160751 -43.476852
15.934601 24.174015
30.632343 -39.758339
-11.418221 2.628668
-40.726334 13.526944
25.204039 -17.281857
-1.602347 -38.663185
-58.969273 15.051551
-2.903090 -38.823910
-65.132706 -40.076248
25.433813 -8.182425
-1.045857 -39.112675
-57.962524 -45.024921
-11.088820 29.846361
-61.123112 10.821400
-72.907364 3.553561
18.775301 -0.952063
-13.129240 50.802509
14.355567 11.719653
-42.867111 16.278393
35.393677 -16.776649
-56.577595 -46.940353
21.731573 1.897640
-7.540027 -38.323170
-56.634075 -44.761883
-18.886871 31.133202
-1.696027 -38.441994
46.320019 25.715500
-13.240904 3.289414
-48.182491 0.750933
-17.014109 -56.605183
-9.955952 50.251755
-15.167879 -54.904682
36.815277 15.734479
64.439934 9.547352
45.407887 0.764702
-60.054878 16.493162
1.377061 -61.528038
-60.188080 19.380135
-56.515049 3.107335
16.116875 -37.559113
51.440937 -9.785871
-48.063503 -0.791218
62.677059 -29.303835
-13.454601 -6.274082
52.771915 -12.062776
-64.144478 -38.655102
-7.010584 47.433590
-22.514631 -64.726013
24.701601 4.970243
-84.133827 -1.780242
8.055948 25.287758
32.843887 5.544780
8.650012 30.576288
20.942549 -43.514488
55.534359 -27.310160
51.007908 -12.980498
6.361233 30.728195
-54.667637 6.066903
29.156654 -40.311386
-24.407040 -58.051830
1.044727 -59.610245
-0.701308 -58.805046
63.451580 6.571092
-67.313560 -35.002052
-12.515962 30.380405
63.278706 5.801375
-61.550491 16.198153
-62.985920 15.464108
27.269463 15.827664
12.530726 10.547490
34.485783 3.119283
30.748259 -5.185469
-15.758121 -2.182877
-14.960579 -61.686245
-17.141851 -60.101112
28.622801 6.202556
60.450752 12.439441
-38.562279 11.128788
-14.384208 27.784075
-25.997688 1.887588
29.526468 -21.136076
61.087322 0.626990
59.650463 3.079414
31.787237 0.119714
32.648567 -13.863907
63.598034 4.446773
-54.759808 23.369427
-9.222417 -33.066734
36.644760 26.422672
0.547407 53.090107
-47.850262 0.059858
36.266346 33.374046
33.597565 33.997639
-4.361252 47.699337
44.077744 39.509300
-8.429094 -1.591148
30.013231 32.061321
-58.071304 16.588261
-54.941963 7.627528
-64.862175 -34.619942
27.405272 -43.327480
57.654800 -33.593327
-59.156372 12.380479
-26.205641 -54.388260
-1.486413 -55.429966
-16.810226 -2.458526
-47.406399 13.957858
-14.460397 30.033236
-22.171911 46.071491
28.852161 27.352036
31.893570 -35.037659
40.282494 25.090424
22.799795 24.629337
59.090210 -26.664124
58.420883 -29.949129
51.592438 -30.449039
19.717381 23.501051
-62.028587 13.504821
21.364223 -27.021992
-15.353002 49.597408
5.719205 -14.397377
-78.853569 4.011197
39.828697 20.313902
-5.604152 50.379177
-42.238911 8.849242
24.647703 45.220818
4.698261 -57.746262
11.611380 -10.233454
29.023096 -39.734806
21.166138 27.856480
-17.821737 -60.605179
17.565048 52.685032
-11.713020 -60.956284
-17.901493 -60.722843
-48.708858 -1.896261
-66.745605 7.781428
-14.244145 -1.562891
-68.391655 -43.241379
-20.731861 33.418549
41.519253 6.042926
42.557423 -17.044075
22.788977 5.685935
23.538769 -0.539407
-8.107409 56.616310
42.339306 17.397696
36.999889 14.920431
63.335224 -26.948135
-6.360178 38.525894
0.917264 -51.967663
43.503548 -22.647209
50.862865 -23.090086
50.443974 -23.538137
51.187286 -10.264630
51.916737 -27.886349
51.431980 -13.442220
50.899448 -10.564260
51.392841 -10.148216
42.083366 7.507814
9.510770 40.319550
46.614067 3.580151
1.564564 20.350731
-8.355349 -45.629116
45.853168 2.729399
11.278727 -25.250851
40.363667 6.746320
54.170979 -13.839197
39.287991 -1.055151
23.365168 5.508671
-52.756413 5.375325
53.528820 -22.439117
41.901928 25.139839
41.381065 19.397167
62.233002 4.110285
4.681248 -49.413326
68.958626 1.644334
46.840965 8.744393
-29.288448 -48.863235
48.479828 10.655161
-19.258102 -48.422977
2.979002 18.085032
-0.711462 -6.321694
-54.016068 -0.501430
6.969028 -26.667463
-62.677479 -3.382891
31.190315 -4.523740
-39.349705 11.541808
-58.738281 -38.813061
-14.895074 42.167053
-72.521965 9.533018
-8.814825 36.876690
-58.771076 -40.512791
-25.364637 37.337994
38.614464 25.076908
51.362980 -28.938139
61.109406 -28.242447
-13.951653 -4.538600
-15.958693 -47.440117
60.250317 -33.448009
29.420620 -47.032471
25.153893 13.044956
7.920522 38.365276
17.876961 44.184185
8.911983 43.069530
46.838791 29.480236
-67.018257 18.196501
-16.394522 46.979202
-58.613934 7.426305
-29.423391 35.563080
26.389280 33.377007
4.838158 44.854492
31.301102 0.661092
53.081665 33.956474
-52.690567 -11.671936
-1.753244 -14.969545
32.301922 30.657511
-26.388531 1.385623
-22.887743 49.780045
-81.381126 0.135650
4.894452 44.823990
-72.641144 9.643566
2.890752 -51.561520
-9.844978 -22.808857
12.852354 14.752223
2.502883 50.439114
8.935194 29.363256
29.395679 29.623775
53.420715 -22.413876
-30.261278 -52.972187
57.024139 -22.181423
-11.684526 27.388332
44.442760 39.640709
26.605171 6.490734
33.516495 15.370475
-73.603882 10.180077
64.389671 -31.800550
39.738899 32.653191
43.132286 26.213827
1.888950 15.894493
37.133678 -24.595087
-20.713690 39.341461
-10.053019 -12.085340
-47.225521 -1.298200
-27.318287 -50.502464
-20.996712 35.275635
-35.761486 15.273746
-64.570000 -45.413994
-4.445006 5.627506
21.835430 24.143913
-39.968380 20.476738
21.183878 25.783886
-43.334988 12.926972
-11.469506 -31.683783
21.159258 47.067310
-28.262081 -47.952934
-15.505849 28.032324
-68.572189 -40.519047
-40.904827 11.208875
-14.768315 48.400120
-30.414642 -56.035885
-14.212016 -60.505001
-83.512161 -0.312791
-9.558082 -17.392000
-55.025524 -45.381218
-6.807683 -9.768707
25.761898 1.397719
-55.501083 13.620564
-64.337387 10.120216
-78.041489 0.334687
0.833560 -14.087404
-53.336086 -36.491985
-31.215263 -57.297874
33.090508 42.966892
-60.010109 14.046491
-17.229012 43.044880
6.157887 43.235466
7.716481 25.375963
44.848553 31.179701
41.558327 21.783585
-27.642599 36.070499
-21.958879 45.613789
8.630569 53.656666
-22.818207 -51.509819
58.901096 -23.237434
-66.613663 -34.238369
62.711643 -30.660009
26.980339 -18.130962
25.345802 28.431475
-54.364090 -40.225632
-62.561604 11.496037
-20.147640 31.921988
-10.860963 0.595834
2.429157 -46.386826
-67.503601 1.921650
25.068579 29.271301
55.048286 25.165936
-15.863734 30.290676
33.493164 5.417419
31.393923 -16.209223
-7.353416 -35.644962
-39.691891 15.071738
-2.529778 42.239498
18.306362 -38.332222
-6.717430 55.820946
-16.116545 -56.894966
24.365990 24.717245
51.069443 -21.668575
-53.840729 -36.179504
9.239424 10.249126
-22.165216 -59.363071
-2.558149 -58.075989
13.712243 45.121361
2.317711 41.050728
53.213512 33.963417
65.744514 2.530823
-22.863308 34.824543
-1.105669 -53.678513
4.114257 9.378688
-65.396217 -33.747898
5.263390 33.548653
-52.863731 -3.967857
-60.938721 -39.380848
-34.948730 20.606962
28.435183 27.075527
5.669061 33.240925
-9.692228 -54.881149
19.599039 31.803883
32.834660 -38.237999
-20.731997 46.176456
24.246523 28.440807
51.161835 -12.035067
42.911713 -16.729193
-7.933786 -47.837929
61.924473 7.823115
57.540073 1.034907
32.026661 13.895076
-15.313980 -53.492550
-66.091423 -7.998214
-46.514229 19.092703
13.463456 -24.396420
49.225086 -25.704048
-44.285831 17.404194
5.464028 12.390092
-68.547234 8.397646
-27.593239 35.414940
-68.195274 15.502168
47.782509 28.905643
-55.107815 24.216801
44.379456 6.002958
-6.980732 -43.644917
33.076897 -14.508698
-12.003088 -59.011932
2.389235 -48.828266
53.395294 28.339632
35.235180 -17.874390
-68.562546 8.472800
-85.049255 2.498845
63.248405 21.041176
-28.424543 -49.971996
8.377192 41.707886
8.278090 42.918358
30.750191 -36.393703
43.420753 -17.316057
8.986958 41.881447
46.207970 6.400557
0.363086 14.723505
65.859947 -35.598598
36.463264 -14.792357
48.098072 -23.983244
50.344032 -23.624491
24.383873 3.937398
44.553497 -22.357218
52.181339 -17.622267
29.230408 -39.840855
54.877007 -35.328976
-17.501284 -66.684105
-18.404930 53.851357
7.790649 39.580585
-64.154556 14.533079
-41.500580 9.193931
-18.626284 38.837952
-61.850410 9.991168
51.652390 -26.504358
-65.004898 21.957043
44.927067 25.537420
-57.848042 12.741799
-61.115643 -37.223225
-15.914556 -60.481632
-25.300917 -42.476311
61.923149 13.678120
41.988464 20.720661
-21.690041 -48.058220
-17.316128 53.107140
22.053532 31.991449
-34.977238 14.019560
60.939461 21.687340
-23.836172 -63.131901
11.639324 43.696602
-1.342424 53.760139
27.507898 -44.598423
0.006735 -14.287234
-17.391953 -55.701069
-77.907532 3.639079
-45.596348 -3.540658
-63.111927 14.967588
-7.462516 -6.535055
-18.083376 -45.714397
3.103609 52.918877
-7.236907 58.729984
27.494110 12.911393
-7.755005 -16.294451
-62.638226 10.201699
55.462658 16.348988
-17.980202 -63.678024
-6.530394 9.743755
-20.489248 30.343290
-66.831993 -43.443787
-56.117466 -40.573715
-20.942347 -46.710892
-8.073072 -38.575756
-20.436903 53.099239
58.293251 -17.601633
-59.815281 17.661209
-16.796144 53.766624
39.221390 19.395588
-17.247375 45.182415
63.173515 21.236530
-5.429648 50.672207
4.610105 39.727863
-59.733192 13.024344
-43.124737 12.636394
54.912560 -24.782446
39.897301 15.395637
-21.877741 -41.205315
51.952602 22.142420
-69.363167 -42.389969
-52.416191 22.984436
-72.304810 9.389849
48.482269 12.280845
48.855755 30.499958
-17.967712 -61.923206
-55.581070 9.470259
26.979454 3.124969
3.795567 56.503635
-0.344103 56.700993
66.279541 1.469326
46.898956 -23.581469
-27.784576 -56.569603
-60.271309 11.867082
-27.338892 -47.537296
19.775463 -43.136074
44.887493 -18.755669
43.700123 -18.081623
18.619144 -34.987713
31.062874 -4.884882
31.089653 -5.236791
4.692230 20.617695
-26.465197 -18.297073
-29.900063 -48.549381
6.367007 18.868832
-67.655518 17.284956
-2.391699 -37.999123
-41.417629 -0.872363
24.634186 26.666836
19.564095 17.716307
-3.122099 55.943085
-79.727722 6.104686
-15.958010 -46.919342
39.441612 37.206520
-64.394821 -7.999712
-35.298523 12.257830
66.789986 0.139954
14.009793 5.975086
-34.430363 13.361831
-28.638287 -47.294720
-55.730103 -2.808342
33.461937 3.390739
-20.776827 29.879948
-37.977512 18.751169
22.490608 24.573660
-31.469313 19.339544
22.822237 21.043701
-79.530754 9.653039
41.547035 14.681677
-52.058323 -2.819805
16.923409 23.080513
-73.034637 12.192732
-19.676023 50.218777
39.550220 28.480074
-25.581335 36.712231
36.226761 30.876982
21.513191 0.248095
33.277115 3.703521
-56.259617 11.282210
-38.446636 7.315234
7.979898 -11.097049
-30.483265 16.394976
40.517937 -25.649923
-13.972977 -45.539982
5.708433 19.830303
51.484833 21.212921
17.930353 -36.693146
64.534393 3.288770
-4.435453 -11.431993
50.355621 -22.102320
-17.898699 -64.954002
-5.026414 58.627415
21.712437 24.756067
63.392078 21.190275
45.930874 18.289831
56.182327 -33.641788
-5.565856 -3.322524
43.678131 25.228344
-3.786438 -10.594846
-22.201193 -49.269741
-58.811699 3.618882
-3.120674 -58.218266
26.903204 -35.748878
-52.723080 -35.110615
-56.796677 -47.198528
3.666703 -13.509167
43.849819 30.585178
-4.280495 56.983734
25.167774 2.671122
35.505020 40.121490
0.631521 2.993140
3.115441 51.993538
18.790390 4.001966
28.181152 -35.201694
59.870327 -36.795315
-64.867775 15.361331
-61.606140 -5.935442
-82.949760 2.860802
36.505199 18.275820
3.494941 -50.088604
12.339119 37.666920
27.949709 -39.787186
9.436445 39.698975
54.948700 -26.540953
35.699371 9.944421
16.829210 50.550201
17.239599 51.465557
17.758310 -34.104431
66.469315 6.532643
-53.474621 4.131451
-67.636917 5.238872
-8.613452 48.341511
17.274836 35.988750
-58.950245 -39.486485
5.051420 39.867790
35.675369 38.618904
9.510430 56.820774
-58.087116 -39.957783
-84.195000 -1.986829
-30.912218 -53.931217
-73.644691 13.190121
6.892533 28.520571
36.138470 15.865925
-17.581339 -64.896469
49.744526 35.460033
70.814987 1.799208
30.436935 9.709751
-59.352459 13.823465
-3.169984 54.675888
-29.296919 12.867204
29.907261 -43.004124
-4.302444 -22.510942
22.078812 -36.049889
16.587601 -35.194592
54.651203 -14.542314
-25.882275 -51.687241
37.674492 32.051254
-71.812538 8.025122
-52.969280 1.975876
30.926435 19.066874
-57.774055 -7.659359
-10.185189 45.178478
-25.344879 -42.504375
38.016315 -27.362234
-62.304184 -39.176861
-71.741684 7.614714
-5.373385 -15.387894
-65.754021 -35.312809
59.947113 -32.158768
-21.585236 -65.643288
21.795446 14.232635
1.839775 52.491993
-81.045639 0.395416
-81.054657 -1.681172
-62.435574 -44.610168
-10.743332 57.689503
54.398056 -24.025093
30.699366 24.322636
49.005146 29.332943
-12.086320 -5.670666
-4.564466 -17.291859
54.677513 27.323343
48.164833 15.423157
-14.107464 -60.228317
-23.460438 -62.387428
53.114769 34.758610
-12.734669 -61.507122
51.581707 21.342714
-39.598103 8.362835
-64.019341 16.245838
-66.653122 -35.730145
-0.401581 -17.061783
-25.190811 33.856297
35.651623 -16.117367
23.207323 37.521709
-67.729706 -5.516758
-13.357196 -50.985561
-21.834032 51.639938
-19.575472 53.226234
47.223793 14.907398
50.394905 -33.956589
7.902959 30.853830
-47.333069 14.312366
-12.167213 -61.412098
-20.000622 -35.836300
-13.493467 -45.557545
0.875528 -61.120869
0.985170 -60.794796
-54.630138 16.173748
53.276882 -25.348951
-71.815094 4.820201
-27.931273 -57.508377
36.536476 12.206372
27.981846 -22.068193
-12.989756 3.088144
64.424904 -31.725227
-18.578579 -60.561413
-14.026649 -48.650311
-66.077148 13.676298
-30.905991 17.360355
38.954716 -0.579909
7.273922 27.628847
22.631790 8.827986
23.792734 -1.522532
-16.897570 28.983068
21.741831 3.777666
-17.991222 52.720230
-61.788570 10.805831
25.436476 32.925053
-53.570839 3.381892
54.399105 -22.159945
-18.303709 29.321955
26.912769 -13.177758
26.215271 1.009347
33.780678 3.425847
-68.916168 -42.935894
39.161816 -1.122942
26.174509 34.923828
38.558266 -2.088273
29.657825 -16.302244
53.701370 13.098725
-32.754150 12.029823
21.808264 0.349160
-24.552181 -57.882557
22.785742 -0.807672
27.263229 3.676574
21.966700 32.113949
0.713575 12.614916
41.998455 15.258360
-21.860294 -48.604340
-22.040144 -51.368397
47.298569 14.687887
57.163780 -28.231571
-24.562908 -17.715919
-56.252769 -36.776203
-67.747536 -33.200996
-16.810242 -57.488720
6.970425 53.649189
50.086018 -27.285141
56.807262 -36.162022
60.349895 -26.442057
-12.077944 40.263821
-77.321159 1.480537
46.442448 28.567595
-41.789406 8.359676
0.593711 -17.030266
29.725721 -38.572201
41.984898 33.725166
53.274204 21.109762
68.654274 0.761184
2.479441 -46.421661
30.192381 -39.488503
44.817810 -20.005192
63.819641 4.397426
-59.981640 -37.992325
-28.129515 38.025524
-15.962856 -60.375141
-9.272223 -5.900884
34.639797 31.824347
-13.216203 -64.985893
42.250965 14.525817
-17.330667 -59.493149
25.814474 -1.303259
-64.474304 -44.009113
32.136684 -13.642925
32.554264 5.397993
-63.948349 11.994275
-48.754292 6.319563
-64.712288 4.680676
40.088936 33.878757
-8.860704 56.030514
0.280429 -56.083164
47.772984 -23.044926
31.575373 -35.230747
33.097557 7.000419
-12.849157 -57.366585
47.038208 23.248827
57.508835 1.010023
57.527462 1.016561
15.790761 9.313862
-5.638466 -17.503374
38.014084 33.465878
32.480923 37.710087
-21.897501 43.442608
19.237930 -38.474117
30.358948 28.265879
65.502449 -35.491650
-56.359745 -33.546757
-7.880675 -49.738430
27.703810 -36.610847
-19.394493 -58.077377
10.824390 47.460285
10.412173 43.732052
51.749340 25.027630
63.478951 -24.244995
56.900906 -26.105637
-46.622986 11.827628
-44.552280 18.079189
-53.687737 -36.900932
63.999794 -30.847818
-17.538494 45.425888
-17.598131 41.379803
34.535034 2.647927
-46.855907 21.164566
-62.363098 -5.916513
63.810875 -29.026472
-11.374093 -50.680309
39.105522 39.016392
-7.542410 39.049473
54.444481 -30.555641
31.406458 4.757556
63.963451 3.876182
67.473442 -0.557979
42.210602 16.133062
68.184456 -1.017509
-22.713614 -62.585426
44.436966 10.582771
35.542164 14.668366
51.556931 -10.786253
58.702602 26.053921
42.373558 7.202030
57.636219 -25.425760
-46.415329 12.102222
-9.627344 37.975498
30.089006 -36.383492
50.683270 -12.335135
43.068237 5.324769
61.270069 -25.349434
-60.675957 -35.408619
24.911594 -17.678057
-21.252825 -54.596024
-64.303452 -38.462212
-19.006182 51.120094
20.057928 -6.220116
19.024015 -39.382614
-54.366508 4.935027
61.233841 -29.971664
-10.252202 -16.961359
23.834805 -33.681858
-22.754625 -53.893021
42.164364 -28.824469
51.563141 28.874405
32.994652 32.899635
0.846739 -56.282310
58.557964 -23.350180
-21.897108 51.464283
-0.403072 -9.949073
-26.638428 45.981030
-20.664011 -48.299809
57.122765 -27.426928
-30.200554 -56.082809
-52.589001 -35.004181
-6.039076 18.111416
-29.043909 -57.618599
-24.228086 35.941483
-27.526518 35.817684
-26.416542 32.947582
19.915831 20.427696
-85.656731 3.573374
-61.162956 -4.536999
15.784532 47.707134
13.007010 -3.098987
-27.053722 35.376629
-5.516790 52.555477
-59.381737 -43.733559
51.159328 25.347210
40.021843 19.654594
44.283077 3.686590
-32.868439 12.070621
-3.592936 55.792271
-2.477055 -51.895634
-0.943610 -40.510014
-63.258450 -7.185688
-1.587019 56.580696
52.321095 -23.382116
-24.126736 -63.137161
9.244838 29.400259
-57.282772 3.979608
-12.809579 28.257341
-40.881130 19.781643
-17.150808 -62.499931
1.801199 -46.604282
13.045905 11.677211
-12.392997 -38.553097
12.831147 39.912926
44.382195 39.772175
-56.146824 -40.110954
44.109142 11.257815
21.386106 20.708717
70.764824 2.919243
12.619506 14.512025
-11.401513 -37.711750
-11.719890 -49.025181
-11.049334 47.440266
-14.644464 -62.037045
46.814014 -19.149906
42.200588 -22.839399
27.303827 7.846387
43.863010 20.395931
-0.338284 56.783871
46.288555 27.258667
-64.383003 -3.331286
5.841247 -54.366699
32.112656 -35.691189
44.726593 -17.767092
-26.517235 -18.255926
44.420937 37.784256
-64.981346 4.391729
-4.760440 57.636757
-2.054783 19.720037
24.388317 -39.430786
36.259350 28.312542
66.076530 -26.429035
-49.282822 6.630544
1.001951 51.397217
32.863598 -40.037636
66.152992 -35.467999
-61.621708 14.713191
14.268790 -18.417873
2.888461 16.778109
2.016040 15.412887
-6.821188 -36.960373
-7.638124 -36.348328
17.726681 -0.692635
-8.837270 -0.994063
11.573787 -26.347359
1.611659 -49.391239
-69.119675 12.837708
-8.651869 -11.473428
-66.300728 -43.672516
-17.824207 51.606281
21.657501 1.433800
20.764818 3.442843
59.291214 -32.947136
42.021782 37.254917
0.451681 -58.397678
51.637722 -14.189387
3.973026 -57.535824
-11.931559 -54.419674
-11.986494 -54.822800
58.882626 22.606434
32.735023 43.033134
35.997551 25.606886
-58.425987 -9.349566
-6.563537 -59.607323
38.368347 19.022404
-6.700314 -43.643795
18.351427 5.812490
6.198845 -59.791889
-16.277370 -6.909057
-17.323200 25.961628
59.497002 -36.752602
-21.441378 37.850925
48.429630 12.222157
12.221673 39.842377
-10.975366 60.613495
-15.043279 -54.890556
43.719250 3.423857
-4.910613 -12.441385
-15.403437 -53.896729
24.268339 -39.209610
45.499340 4.529562
-78.243607 2.850444
-84.642975 2.854755
9.639128 43.079086
11.789008 52.329609
28.032444 19.299269
-26.199265 34.958645
45.921051 6.533439
-63.353531 -42.051945
46.181423 6.381068
-15.069509 33.903919
-17.507202 45.974045
49.859474 24.563589
-16.087048 25.999121
50.057312 23.634701
3.827072 -53.088631
4.716369 6.201914
15.989705 24.324038
41.396137 22.316296
53.399078 -28.496941
29.220854 29.763010
-12.521070 -59.683399
-29.127848 -56.678062
-83.849998 3.766453
17.156809 -40.886326
23.084154 20.295902
19.922728 14.014905
-23.096916 -49.530281
-2.227890 42.310982
43.841930 -25.713120
-66.080147 -41.803890
-59.343510 -38.373219
-77.894806 -2.491770
-76.816872 -1.446045
-25.811523 2.240452
-26.011826 30.336884
-42.391571 -5.162315
-65.545250 8.739665
19.100386 -2.109923
16.731325 17.701674
-25.749535 30.531878
-56.558643 -2.863468
-26.582314 46.228512
10.730241 56.954697
37.979328 36.078289
-64.996277 16.141224
7.669087 43.250690
22.570375 26.218185
25.542637 31.834106
-4.722972 -5.211531
-66.144897 5.169519
27.847784 12.707219
-19.325953 46.848927
-6.702430 -42.521118
-48.240322 -1.269253
39.979012 9.355989
26.969307 -45.666458
-83.312744 -1.273079
16.937332 51.607300
22.793449 -30.487940
-14.923294 -49.366932
-13.752845 -51.104485
40.530975 25.057764
-27.636209 32.351101
-19.638527 -48.467289
-55.863049 4.321766
37.451893 14.229376
-67.537537 -35.866791
-71.988976 5.387906
-30.971989 14.840511
32.776119 -35.754169
40.900223 -23.561663
-28.112902 14.845207
-29.325445 17.911705
8.182925 5.143178
-8.859541 -60.046776
-39.485470 -6.264083
19.803387 -2.413498
-9.459982 -29.896467
-38.484814 10.786255
-15.340186 30.471821
-57.138004 4.566431
3.866854 18.727659
11.335604 -26.605740
-55.132652 24.353909
-2.492417 -38.557213
-59.775391 -9.393242
27.385181 8.576628
-31.013699 14.372715
-12.061056 2.244473
-40.027283 0.577261
6.269696 38.019238
-63.687798 -37.535549
-29.737318 18.190739
25.338724 -17.200048
-84.010101 3.316862
-63.713589 -7.336428
-38.773407 13.049976
59.487698 -23.455177
53.623951 -19.345261
62.600327 7.468086
45.290813 4.561802
45.422405 4.248500
44.702827 28.278530
-61.399727 -33.511143
40.134895 11.354371
-15.185557 -53.178814
44.626160 4.684519
26.922628 -45.510864
-40.606178 -3.484565
-53.867756 1.696621
-8.050282 -3.029599
-46.555225 -0.348058
-11.393839 -8.304879
-67.687973 7.028264
-9.263827 -41.300835
-24.586329 -57.229172
-51.732555 -1.952312
50.158447 29.840498
42.461227 -26.213449
-1.690371 15.741133
-6.836773 -38.487385
-43.193012 -6.204474
-68.965248 15.846270
6.364312 -53.935936
-1.955957 17.519394
-55.218163 -35.712002
-53.100948 3.153115
-18.427076 48.611404
47.062786 21.831026
0.004780 56.890564
2.838113 -60.075497
51.356136 33.652340
42.737160 28.252785
52.196941 -35.488888
60.951862 -32.026554
10.880897 -11.247764
28.076740 -38.818630
-57.424908 -45.033630
46.024639 23.981447
-23.835129 32.394398
-62.845749 -39.542000
-19.513372 -61.138950
-11.712666 45.122780
52.923004 -12.888813
52.530560 -26.287645
-21.534868 -60.484177
-63.821281 -41.881001
44.787056 28.394836
-9.484859 10.049478
-12.644461 32.298775
27.368233 7.776694
1.879509 25.082548
35.023556 32.468330
-48.096413 5.578852
18.314270 26.300568
-55.697704 -35.404053
-0.684854 -14.784702
41.525078 12.469831
-6.774152 -8.462757
-60.562408 -42.021206
66.276550 2.859509
-35.936161 -9.259793
-2.638519 -53.689484
-16.832872 -60.831219
-46.296558 -1.798444
-43.645149 -5.028073
36.908157 39.756855
41.617172 25.260378
53.151222 -26.748446
-71.802147 4.435082
22.918926 30.637094
-68.685738 15.649176
39.253876 26.510412
69.067726 -0.216381
-5.569042 58.529312
-0.311417 -59.061077
26.944515 23.384342
-17.138796 35.825069
49.287998 -25.343779
7.759226 58.497261
38.370895 13.476703
-20.474487 -66.285873
41.764519 37.272163
-38.952648 16.086199
-19.692907 -56.120853
60.876125 0.749290
33.648689 2.650641
25.073565 -17.907074
36.258484 -1.890137
-46.132423 15.988146
-5.370236 7.413400
65.939781 7.575934
-45.632782 2.819959
-46.633961 6.095023
19.557848 24.656193
-2.266399 -52.663212
25.496065 44.971619
18.280378 -0.720739
54.042816 27.832626
-21.065125 -57.551788
-59.867744 -39.433842
-33.787521 17.795300
62.158291 11.061013
62.360519 9.728180
38.650410 -24.630798
21.662018 -26.132643
-18.269871 -62.034954
50.618500 -13.649833
59.984570 -28.914440
46.664703 27.165562
-66.402184 12.057176
54.174522 16.159756
19.995287 43.462158
-4.333192 47.807312
-67.263626 -7.324018
-2.433260 19.950993
-10.596083 -60.992676
4.950905 39.942604
57.944511 26.672745
35.761318 21.162561
31.747606 -40.674725
24.145853 17.934654
31.717157 -38.841255
55.483524 -18.804071
-1.279959 53.234268
-5.231382 -16.528889
58.349056 -26.481440
41.028275 8.865924
33.415115 26.514193
52.184589 -30.460093
2.533385 -46.577850
52.807083 -35.745342
19.878510 15.733119
-7.761973 -36.225266
-54.910557 -40.754856
-44.481277 18.215664
21.988832 -35.981571
-19.988483 -35.658424
-63.743294 20.284962
55.165817 -18.487001
-8.177979 -48.462502
24.525133 12.443826
40.733139 23.181995
41.577965 18.139112
15.123445 11.230909
-23.089949 -59.599018
-8.105892 56.291752
46.914337 8.215716
3.452501 -54.558327
32.170479 -39.350056
-4.570831 58.794041
7.571330 -23.608805
25.000620 13.881098
57.742954 -37.121014
6.450108 -26.325996
-39.040752 17.146145
17.276539 37.083683
-23.021261 -48.352615
48.411331 10.682560
41.238686 8.946022
-26.720388 -52.367374
-6.459925 -6.788523
51.330326 -11.841715
30.451550 -14.382874
-65.282822 -41.147507
-15.590639 -61.240669
2.947594 34.583614
-7.594424 35.692173
21.094715 0.673998
39.162952 23.473917
67.869530 0.270797
-17.963060 44.258022
37.264709 20.387577
-59.451279 -37.652737
-31.958338 16.015532
61.324272 13.027660
12.868425 49.148132
34.189350 33.577892
-71.957451 5.851657
-9.452135 47.610668
-44.805656 -5.008822
-64.922768 2.315371
-65.036415 -6.651639
19.833557 19.920717
-11.872860 -37.809353
-0.978959 59.126766
64.435760 -0.834039
-43.942688 -3.669248
-62.475353 -4.178325
-18.624571 44.280964
59.570709 5.605186
10.195708 44.447617
-62.961693 -40.907749
-4.429433 -7.225049
-41.827393 -3.462885
-49.543407 1.188812
-29.673058 -58.306210
1.927075 -50.725479
3.311495 32.182262
-3.582712 15.089972
-59.495232 -4.653619
-29.926579 15.413264
-66.187904 -34.479092
-82.059937 5.456694
-9.483584 -39.357502
-9.438199 -39.370670
4.340208 -57.216911
23.024799 -2.285204
-68.240211 -40.021217
-62.775726 -36.615475
63.722706 2.263287
46.432312 -19.124632
45.906834 -18.578907
23.819778 -41.363491
44.065117 13.795966
38.528751 -2.266597
12.099118 45.930889
34.701321 16.695759
40.761951 -16.424139
-48.065678 12.307788
-18.618042 -61.322605
19.733078 -35.882824
14.311381 51.544876
34.086639 27.569950
28.479740 -45.139568
-4.777292 12.865412
20.787628 24.576799
-18.645493 42.608215
51.428436 -26.725517
-30.022348 15.529866
71.102608 0.774748
-22.178337 -57.048985
44.038132 19.314175
-63.829365 16.275724
1.205439 51.609707
-15.596565 -62.477272
-63.160969 -34.502453
40.971661 -21.140612
-70.611099 9.740035
6.260572 -26.119926
24.359262 29.141195
8.823700 27.158100
-46.877510 -4.891835
-30.745869 16.152748
-38.392460 8.248937
26.585421 -2.581787
29.509686 -13.001176
-33.904335 19.398199
-62.231720 -7.978860
25.429094 -16.952496
38.478367 -26.264814
-62.465481 -8.242324
13.720561 3.529662
-1.013919 10.072147
-27.206373 -51.195473
-28.064854 -50.650280
-2.067733 -38.660427
-30.834755 8.138432
-72.476761 4.251070
-4.361045 -45.322136
-44.615665 -0.045582
24.275005 -8.639516
-32.435776 17.549915
-18.676912 47.195946
-38.284397 9.075659
-70.951813 2.893929
-41.410469 0.570004
0.017346 -53.563030
24.181374 47.973568
24.475760 -16.781010
-40.275322 -3.255855
-67.678604 -39.945515
39.011868 6.886653
60.506290 -25.798307
-3.748278 -52.878933
28.479370 12.783615
29.506710 2.874761
0.498966 49.550987
-24.917070 -62.670399
-47.387527 3.731960
-60.121319 8.062744
-76.750099 -0.422191
2.529910 -58.685211
-19.068895 -63.382122
64.198883 11.156679
64.092262 11.069408
69.223984 -2.674468
8.398526 38.017464
32.174725 -35.693741
3.032157 51.356380
62.488743 5.460814
-9.256435 50.204750
66.980644 7.184853
-66.538528 7.733520
-35.046505 12.798577
-34.690445 18.333403
5.992767 58.225624
19.743967 25.300621
46.500870 18.352306
-50.108208 0.168752
34.497330 12.203030
-77.937195 3.514476
-68.040207 -33.478786
-32.244492 18.851774
63.736916 3.546549
-28.241598 38.241592
-73.101067 12.890048
12.931148 45.904877
39.315643 37.119991
14.052575 10.861474
4.797738 34.818256
67.641953 4.643028
-33.208843 18.043255
65.942070 4.008279
-79.721321 -2.530626
14.651283 48.408001
-29.353209 16.334408
65.271210 -29.352888
63.419212 -24.281956
-64.035942 10.963611
35.068192 -20.715681
39.080303 29.895594
10.790903 -11.348200
64.613747 -26.420883
27.473797 -34.242989
-9.722247 26.187698
20.211580 24.325262
-7.286049 47.602863
22.122597 12.193236
46.006531 23.086351
-2.325773 56.059399
-17.966208 -55.335503
-6.938777 49.850868
2.064713 25.485685
-7.943963 17.223885
19.218660 19.237829
11.437120 7.450952
-6.491173 -35.330517
55.168964 25.778433
31.403820 24.392841
21.952759 3.213405
-54.314716 3.281562
-29.552299 12.947348
7.419063 -23.595251
11.020106 -26.564009
29.767742 -16.690416
-9.767928 3.512218
2.302685 46.778797
50.224091 29.843573
24.353447 -7.109318
12.084830 -26.268333
-23.966312 -52.872471
44.918087 -19.648985
-20.945566 -0.996033
4.131485 6.540262
10.293244 6.638401
-67.117729 21.824947
-7.936806 36.132435
11.624305 52.686401
40.021027 19.771084
40.512566 28.291637
-1.153384 13.361539
-24.512115 48.667004
2.201231 10.249015
-54.194283 3.991153
24.087000 29.865234
-20.618744 49.571484
62.465794 11.960742
0.299018 16.495211
1.702542 -22.357372
-20.572515 -66.461037
18.259134 19.374844
54.736198 -24.924334
33.819714 -21.523443
30.072422 5.707036
-5.369890 -44.645241
-29.466415 14.158152
51.364086 33.429592
-52.163548 7.162737
-68.072380 -33.165001
-1.211748 -18.682329
44.046177 32.629230
6.603433 45.296284
-48.754398 5.121973
-31.161690 -2.927147
-1.072321 -53.417923
34.668667 13.075924
-7.150931 55.944904
4.728205 35.793983
-69.463051 -36.390179
34.208363 -20.958784
-14.179029 -55.970367
-64.188057 -39.358765
-4.024285 55.278900
57.246155 -24.846546
-79.953438 7.580133
31.107269 -39.606640
-67.875008 -37.892834
5.541653 10.729727
49.961418 32.632904
-2.882243 51.137157
2.309318 41.075504
20.387184 -42.171467
17.877388 -35.122623
53.931610 -36.910378
18.718107 -41.203918
-71.651436 7.587228
-29.576757 15.672072
46.408592 1.431991
43.890400 29.406851
22.503920 26.027309
7.438923 -30.480631
4.061630 42.726780
-2.853587 58.367569
-12.365478 -51.564075
7.650268 25.191273
19.996723 0.337319
16.953278 10.083457
-64.747261 -7.336758
-62.021492 -7.396343
-17.085985 26.024612
-64.488968 -7.495318
12.959583 10.003899
-15.598965 28.889559
-64.881416 -7.641198
-39.753387 9.382700
-22.342438 33.183262
26.412266 -8.831550
-7.463605 6.462528
12.062963 10.666060
38.344864 0.374459
-29.405867 13.408767
-11.851496 -38.463898
16.488913 -35.234295
-29.659887 13.123356
38.664143 34.994038
6.974336 12.000248
-8.658008 40.880817
39.551239 -0.563610
-5.742391 0.260658
-9.182364 9.454618
-12.002511 -38.411507
-31.824381 19.100035
-27.505091 0.793531
21.220013 10.784054
-39.133179 11.882497
12.378026 12.341756
-28.154608 0.294850
-22.998940 31.896080
26.511211 -8.366092
28.904732 -13.646615
-69.873512 4.953171
15.423637 10.982385
-7.148539 -43.623913
16.923138 17.760342
-65.328178 19.327448
45.087925 31.266703
17.000513 47.028282
44.172829 32.805626
6.068650 -50.936890
25.738588 -45.138172
-8.045818 -36.787640
-30.530243 -57.051079
-41.175816 15.998544
28.309364 -0.202211
24.813135 -17.699823
43.448177 -22.112623
59.160877 -23.146315
38.262859 0.521621
0.842426 51.473267
-57.601723 -35.439445
56.947601 -28.461035
20.855877 5.253270
-8.576311 -35.015381
-30.560621 9.078483
56.385529 -36.358570
12.696492 49.935379
52.803574 -14.274076
16.704329 50.774868
-69.851822 4.838629
21.942842 -4.019784
64.168533 2.747695
1.344440 9.362371
5.208953 44.163860
4.653148 -14.503031
7.438673 41.726711
-8.467741 38.825577
-25.762646 -52.357601
2.107801 12.776671
-30.177650 16.149935
-68.770767 7.213387
-21.387360 -53.057053
-16.315760 29.261353
13.988224 11.325462
24.497408 43.230579
24.703161 -6.672877
64.305023 -33.077705
16.952986 36.380177
-77.086205 -0.031633
-39.252117 12.351774
46.289581 31.049829
-9.099977 48.827518
62.307732 10.172350
59.702724 24.576252
67.812401 4.605150
0.354930 53.207718
6.738405 40.911091
58.136272 26.448008
-20.038839 -57.861000
30.562344 24.705418
-63.234859 14.942153
41.295788 -25.682808
22.887648 13.383261
-31.995005 17.491121
-9.331485 -31.339087
-62.807476 -42.807255
-25.818283 -46.220821
-16.053902 -59.420128
1.095106 -47.593727
-7.728168 -37.628422
11.740928 -26.036190
-7.758657 35.887512
-21.439449 -54.328556
13.129325 -24.544037
43.579506 -22.794901
27.118919 16.108009
8.057687 42.457222
26.633108 -15.826760
41.542007 7.369140
3.478551 36.294388
-15.908004 -49.066780
9.478397 46.423798
-7.601914 35.654598
-30.865879 8.303055
-56.267532 -35.547352
17.207720 -34.962788
-16.719004 -56.136803
10.014594 41.230019
41.258198 14.952761
8.516765 -9.066807
8.666418 29.594469
1.106375 19.922955
67.292900 3.202241
67.243950 3.366117
-31.045589 -53.960274
-16.861050 30.429674
36.188602 20.461082
-9.146638 -34.097469
-40.721016 1.039107
0.037705 19.575710
-7.201466 6.746229
-15.773268 29.598772
20.516060 0.619233
-29.244328 13.771583
-40.247944 1.777411
21.316462 11.683572
27.819967 -13.981109
-18.890890 48.625706
-6.911085 -59.932518
-55.126846 -36.648090
-54.485149 -40.018684
0.718112 12.866319
-63.236561 -43.610970
4.573575 29.887716
-66.734612 13.609702
11.311250 -25.845579
-62.290405 5.690737
-48.001083 -4.798253
-30.987698 -2.755295
30.034193 -15.184284
-9.251500 -41.301617
39.165657 -19.691074
-10.669374 -39.425350
-1.864034 -38.614349
-70.013702 7.948935
4.637178 -47.866306
-7.792735 -2.980789
-19.985777 36.251175
29.549927 -17.063082
63.407993 9.723173
-1.075987 52.911156
44.140301 -18.561098
-24.789333 -17.714893
-58.280403 -8.772736
-3.288068 18.177292
13.751426 43.143417
65.398026 -33.211105
11.675114 52.132000
7.082808 4.841774
8.886572 51.003391
-58.236305 6.685789
-22.087580 -50.642445
-11.408498 -61.628979
-16.570827 -7.065594
36.958221 35.733589
-24.296761 -49.423798
-0.477217 -18.667858
-6.091976 -44.127304
7.857368 -29.802271
26.432344 0.372399
15.198559 10.479122
-16.464216 29.250628
-7.088618 -39.068676
20.597008 13.413085
5.113947 17.218782
-39.526550 1.496568
-41.779373 -2.014837
-30.066111 -1.129081
-29.968349 -53.837936
38.533859 -1.995323
27.776880 -30.817726
46.291672 24.033314
5.850425 9.137757
3.202327 8.022573
24.035006 -3.151858
6.292008 5.499450
12.972811 48.949997
6.051780 6.398768
1.928145 -55.405846
-22.622246 -49.818512
66.848938 6.172171
40.972954 15.194275
-16.307232 -61.590248
7.451118 20.615808
42.871311 7.672379
14.130036 5.862719
45.445366 -27.477709
11.696622 43.743900
-63.961548 -41.697079
-0.344640 14.478598
-9.440295 3.556127
33.587231 37.020294
13.384487 45.371262
2.341758 -49.878838
56.173382 -18.860991
15.133410 48.570034
27.332800 -3.456666
12.685269 44.611797
4.698942 20.629393
50.368298 -11.374439
40.158073 21.724407
12.234141 48.783642
37.726460 -14.711905
35.377159 3.463124
-2.179150 58.413551
-7.025640 10.062586
4.142968 6.645856
5.230594 41.081417
57.292419 -19.730419
68.889282 2.603987
-19.773792 -56.459461
26.871393 -16.561029
19.106106 3.411847
-27.155333 -44.930000
56.120621 -24.820034
11.683957 40.268082
-12.732865 -47.492329
-11.657174 -38.543530
5.212597 30.358915
9.652593 56.951855
10.833539 50.800293
33.281776 43.054768
11.568236 11.091119
-64.578316 10.187798
59.693253 -33.847553
18.928085 19.529665
42.484421 -24.703106
21.252808 10.857516
20.673370 -0.410507
8.953279 -10.478101
39.834057 37.474216
12.148986 49.830185
23.751133 -2.611525
10.675097 -26.467672
-19.274263 51.053131
-55.998077 9.795591
5.977521 -51.018501
-9.843800 -37.284805
49.786064 34.647499
49.418594 30.267540
-77.287102 0.110045
4.196231 6.541115
52.802567 -17.135244
-5.515662 12.022736
8.800725 10.287774
54.735378 27.448374
3.940580 39.213413
30.281742 -17.098967
38.533772 -24.783541
-9.133709 -37.854565
22.516716 29.462458
-71.632629 5.107032
-10.492615 48.684555
0.676036 -58.902596
20.354073 20.952005
21.542219 25.490675
14.093367 48.883934
66.901680 1.879412
67.764053 3.134613
7.896713 47.320217
-32.576443 12.176888
29.135569 -21.004770
-22.058748 -63.138130
-51.982662 -0.213266
-4.262819 -16.017075
14.468722 49.113602
21.962435 -1.587319
-26.960640 34.180359
-54.666084 -36.142845
6.794611 44.307743
10.583735 41.325294
-28.013462 12.597055
7.080588 42.439312
-0.612021 -41.145634
1.463199 19.883299
45.921631 2.599704
54.608513 -15.428041
24.850470 -47.407360
-7.246902 18.649498
49.769188 -24.350307
51.958771 -14.390924
64.992836 1.781078
-63.269936 -7.338481
-30.211241 9.485497
-60.549767 13.057207
-69.520630 6.325154
7.061946 41.637966
-13.284961 -6.602450
42.614151 -26.057394
6.808377 5.090625
10.843200 47.118149
46.718113 13.048100
54.122009 -34.604614
-52.678120 -11.635438
13.022318 51.020432
-11.121473 27.458878
38.222462 -16.169291
10.993163 -26.142296
-30.062950 9.735821
38.746761 -26.620098
37.379501 37.485229
68.946129 2.634204
20.469208 44.759762
61.645351 12.764563
29.215918 -12.915043
0.500781 -61.650131
-67.027870 -35.329826
34.966206 -20.112045
37.291557 -26.956394
8.344610 40.797680
-21.106424 31.269836
-26.080790 -52.228008
14.563080 46.114098
14.593037 46.011745
13.639709 46.333408
71.206230 5.947753
8.680864 43.851215
4.753378 41.538826
-5.695156 9.689157
-5.948522 18.959991
0.390062 10.167359
-51.533878 -0.627061
57.509575 -18.139807
-30.093536 -2.816580
34.900059 -21.049232
49.987396 32.494873
39.658791 23.498770
-21.857166 -46.073444
52.465748 -12.901237
-11.938272 41.286217
-2.737179 59.138443
3.211832 53.689892
-6.913070 7.622824
10.088066 43.242317
13.646106 49.779060
13.332594 -18.601196
-9.005670 -37.949951
19.004578 -38.848732
54.225292 -34.251652
-0.968630 10.009068
13.253508 52.176064
-1.709693 11.882436
-3.663297 10.785572
-2.552900 12.789943
-3.253882 9.832016
-69.478653 6.255665
-1.680737 11.965444
-27.861189 35.667774
-3.505883 12.324252
63.730824 1.127494
63.047234 3.056911
16.062551 52.035313
-5.822115 10.965915
-5.619446 10.719398
-4.841540 9.021929
-8.270047 0.702408
-2.006590 10.893137
-7.433029 11.023290
56.131119 -22.173441
23.923897 45.812435
9.538985 46.410919
2.691860 36.728531
65.951469 3.514179
65.711037 -0.038436
64.597687 -0.852817
36.924400 15.991551
5.584903 37.421852
-5.228891 52.479099
55.413937 -27.668493
13.456581 -18.588911
-30.667675 -0.687929
2.660967 36.636692
4.381623 36.416405
2.962234 35.023121
-4.942507 58.496063
4.976305 6.136884
39.191029 29.665710
61.369049 22.120983
-7.067102 11.793722
36.595215 30.572994
-3.109099 11.630960
-5.186461 9.214394
61.161106 12.277105
2.872567 34.937981
14.520501 50.841408
6.908084 4.220673
65.098991 4.061766
19.705296 44.904369
6.161384 17.343454
14.795454 48.665710
52.708664 -19.175602
61.105556 24.166927
-5.798013 8.449841
-4.299287 9.568480
7.955109 3.870217
2.611366 12.654492
-40.433628 1.131865
61.318588 12.088199
4.703225 21.103567
-5.211057 18.857027
40.664001 -23.538662
-5.310783 10.241869
-3.383272 13.756742
5.581128 7.529095
-4.540514 16.039314
14.820547 52.457661
65.516418 -0.351274
68.675430 4.560666
13.494527 45.844627
61.700954 12.874406
58.056389 -25.470362
5.371639 6.520717
-0.960970 8.951769
7.361993 4.646286
0.374125 10.236382
-0.600602 10.473020
-1.245986 9.524191
-1.866598 9.252480
-0.652618 9.355444
6.393136 5.589221
-27.320019 -45.385624
-6.751445 19.139221
-0.042661 11.318498
-3.368339 10.128138
-3.130360 8.872231
-3.177014 9.061227
-7.499996 10.472112
-2.258467 12.968477
-4.097897 9.955812
8.860860 53.420418
13.156532 47.235409
-1.165208 10.238450
-4.812631 10.587658
-5.716072 18.942745
-5.560371 19.204123
-6.457841 -10.222598
68.226524 2.887254
-4.696066 10.521636
-3.134825 10.093997
-3.958468 10.209153
70.123741 -1.060067
-2.289088 8.080705
-14.466512 -42.251305
-2.314142 9.324049
